0 0.596667 0.506667 0.140000 0.380000
0 0.160000 0.806667 0.306667 0.366667
0 0.403333 0.808333 0.160000 0.363333
0 0.755000 0.615000 0.116667 0.256667
0 0.748333 0.863333 0.163333 0.253333
0 0.560000 0.788333 0.233333 0.250000
0 0.838333 0.253333 0.103333 0.133333
0 0.335000 0.573333 0.083333 0.280000
0 0.455000 0.573333 0.196667 0.180000
0 0.673333 0.328333 0.166667 0.210000
0 0.818333 0.475000 0.083333 0.183333
0 0.846667 0.635000 0.093333 0.190000
0 0.863333 0.810000 0.240000 0.193333
0 0.121667 0.650000 0.156667 0.180000
0 0.271667 0.521667 0.083333 0.243333
0 0.501667 0.455000 0.103333 0.190000
