0 0.250000 0.880000 0.086667 0.233333
0 0.343333 0.931667 0.080000 0.130000
0 0.420000 0.905000 0.153333 0.090000
0 0.168333 0.946667 0.076667 0.100000
0 0.645000 0.758333 0.090000 0.183333
0 0.468333 0.678333 0.170000 0.230000
0 0.856667 0.825000 0.146667 0.103333
0 0.698333 0.841667 0.110000 0.310000
0 0.273333 0.486667 0.053333 0.173333
0 0.341667 0.480000 0.083333 0.180000
0 0.181667 0.578333 0.103333 0.256667
0 0.250000 0.641667 0.100000 0.190000
0 0.620000 0.588333 0.173333 0.103333
0 0.738333 0.903333 0.076667 0.186667
0 0.183333 0.356667 0.146667 0.106667
0 0.201667 0.425000 0.056667 0.123333
0 0.358333 0.558333 0.130000 0.076667
