0 0.668333 0.146667 0.203333 0.200000
0 0.210000 0.601667 0.146667 0.190000
0 0.248333 0.368333 0.156667 0.256667
0 0.138333 0.331667 0.136667 0.336667
0 0.370000 0.331667 0.166667 0.323333
0 0.066667 0.316667 0.120000 0.366667
0 0.248333 0.253333 0.483333 0.480000
0 0.601667 0.885000 0.110000 0.223333
0 0.708333 0.878333 0.103333 0.223333
0 0.801667 0.876667 0.090000 0.240000
0 0.863333 0.861667 0.073333 0.236667
0 0.911667 0.841667 0.063333 0.230000
0 0.950000 0.820000 0.060000 0.206667
0 0.751667 0.778333 0.490000 0.436667
