0 0.615000 0.905000 0.143333 0.183333
0 0.486667 0.830000 0.120000 0.333333
0 0.638333 0.676667 0.070000 0.280000
0 0.291667 0.618333 0.083333 0.310000
0 0.725000 0.675000 0.136667 0.143333
0 0.866667 0.520000 0.133333 0.313333
0 0.510000 0.521667 0.073333 0.316667
0 0.568333 0.505000 0.070000 0.203333
0 0.650000 0.391667 0.166667 0.096667
0 0.663333 0.505000 0.086667 0.250000
0 0.353333 0.341667 0.206667 0.190000
0 0.305000 0.273333 0.076667 0.180000
0 0.783333 0.438333 0.133333 0.250000
0 0.773333 0.323333 0.106667 0.220000
0 0.908333 0.933333 0.150000 0.133333
0 0.536667 0.183333 0.200000 0.113333
0 0.058333 0.741667 0.096667 0.236667
0 0.178333 0.571667 0.103333 0.143333
0 0.155000 0.818333 0.076667 0.303333
0 0.386667 0.683333 0.140000 0.286667
0 0.646667 0.288333 0.180000 0.083333
0 0.861667 0.785000 0.070000 0.230000
0 0.393333 0.923333 0.153333 0.133333
