0 0.391667 0.690000 0.303333 0.433333
0 0.250000 0.746667 0.186667 0.326667
0 0.121667 0.735000 0.143333 0.323333
0 0.125000 0.543333 0.143333 0.260000
0 0.060000 0.620000 0.113333 0.280000
0 0.751667 0.326667 0.116667 0.300000
0 0.491667 0.395000 0.156667 0.290000
0 0.545000 0.278333 0.110000 0.356667
0 0.648333 0.373333 0.110000 0.380000
0 0.575000 0.683333 0.196667 0.286667
0 0.835000 0.448333 0.123333 0.210000
0 0.296667 0.431667 0.293333 0.243333
0 0.790000 0.680000 0.253333 0.186667
0 0.720000 0.530000 0.106667 0.166667
