0 0.415000 0.790000 0.076667 0.140000
0 0.391667 0.915000 0.176667 0.090000
0 0.660000 0.538333 0.053333 0.143333
0 0.593333 0.630000 0.146667 0.053333
0 0.711667 0.683333 0.076667 0.186667
0 0.691667 0.805000 0.076667 0.150000
0 0.520000 0.806667 0.106667 0.153333
0 0.580000 0.866667 0.133333 0.086667
0 0.811667 0.796667 0.050000 0.173333
0 0.906667 0.673333 0.053333 0.173333
0 0.905000 0.765000 0.110000 0.163333
0 0.730000 0.471667 0.053333 0.116667
0 0.373333 0.671667 0.106667 0.096667
0 0.253333 0.806667 0.060000 0.160000
0 0.215000 0.823333 0.070000 0.166667
0 0.953333 0.445000 0.093333 0.176667
0 0.860000 0.546667 0.080000 0.186667
0 0.646667 0.941667 0.060000 0.116667
0 0.768333 0.935000 0.110000 0.123333
0 0.871667 0.913333 0.090000 0.166667
