0 0.080000 0.623333 0.140000 0.320000
0 0.171667 0.433333 0.096667 0.226667
0 0.793333 0.263333 0.100000 0.273333
0 0.096667 0.230000 0.113333 0.233333
0 0.181667 0.286667 0.130000 0.333333
0 0.258333 0.343333 0.063333 0.173333
0 0.320000 0.288333 0.060000 0.150000
0 0.278333 0.218333 0.050000 0.110000
0 0.373333 0.280000 0.053333 0.160000
0 0.405000 0.231667 0.063333 0.283333
0 0.455000 0.340000 0.056667 0.146667
0 0.553333 0.505000 0.060000 0.183333
0 0.643333 0.581667 0.060000 0.170000
0 0.613333 0.448333 0.080000 0.270000
0 0.523333 0.380000 0.066667 0.160000
0 0.506667 0.308333 0.073333 0.210000
0 0.483333 0.170000 0.106667 0.206667
0 0.561667 0.096667 0.063333 0.186667
0 0.563333 0.283333 0.060000 0.206667
0 0.625000 0.205000 0.083333 0.176667
0 0.940000 0.253333 0.086667 0.226667
0 0.905000 0.513333 0.103333 0.233333
0 0.711667 0.306667 0.063333 0.293333
0 0.863333 0.246667 0.093333 0.280000
