0 0.498333 0.493333 0.170000 0.286667
0 0.340000 0.486667 0.173333 0.273333
0 0.655000 0.500000 0.170000 0.293333
0 0.200000 0.481667 0.193333 0.296667
0 0.821667 0.496667 0.170000 0.300000
0 0.198333 0.746667 0.190000 0.320000
0 0.350000 0.758333 0.180000 0.296667
0 0.516667 0.753333 0.173333 0.326667
0 0.668333 0.751667 0.170000 0.330000
0 0.821667 0.760000 0.170000 0.333333
0 0.086667 0.478333 0.160000 0.283333
0 0.191667 0.200000 0.176667 0.266667
0 0.348333 0.208333 0.176667 0.290000
0 0.501667 0.206667 0.170000 0.313333
0 0.650000 0.206667 0.186667 0.286667
0 0.803333 0.216667 0.160000 0.273333
