0 0.705000 0.550000 0.370000 0.206667
0 0.561667 0.411667 0.423333 0.183333
0 0.250000 0.338333 0.466667 0.216667
0 0.358333 0.226667 0.450000 0.113333
0 0.391667 0.120000 0.416667 0.173333
0 0.288333 0.085000 0.416667 0.163333
0 0.675000 0.180000 0.136667 0.353333
0 0.831667 0.235000 0.243333 0.310000
0 0.756667 0.630000 0.353333 0.120000
0 0.786667 0.883333 0.386667 0.233333
0 0.511667 0.836667 0.150000 0.320000
0 0.426667 0.770000 0.486667 0.180000
0 0.300000 0.603333 0.453333 0.166667
0 0.363333 0.475000 0.473333 0.156667
