0 0.083333 0.656667 0.146667 0.260000
0 0.231667 0.658333 0.116667 0.256667
0 0.335000 0.648333 0.096667 0.243333
0 0.485000 0.706667 0.170000 0.246667
0 0.626667 0.680000 0.086667 0.260000
0 0.763333 0.610000 0.113333 0.353333
0 0.845000 0.683333 0.156667 0.366667
0 0.181667 0.348333 0.130000 0.343333
0 0.291667 0.515000 0.116667 0.290000
0 0.396667 0.530000 0.100000 0.266667
0 0.516667 0.468333 0.100000 0.270000
0 0.655000 0.531667 0.090000 0.330000
0 0.893333 0.345000 0.206667 0.503333
0 0.635000 0.381667 0.123333 0.370000
0 0.391667 0.311667 0.110000 0.296667
0 0.510000 0.346667 0.120000 0.280000
0 0.475000 0.273333 0.103333 0.353333
0 0.270000 0.265000 0.200000 0.376667
0 0.748333 0.365000 0.116667 0.270000
