0 0.638333 0.841667 0.296667 0.290000
0 0.871667 0.758333 0.223333 0.143333
0 0.575000 0.678333 0.256667 0.203333
0 0.668333 0.551667 0.150000 0.130000
0 0.671667 0.448333 0.103333 0.223333
0 0.536667 0.363333 0.193333 0.100000
0 0.476667 0.485000 0.206667 0.136667
0 0.111667 0.378333 0.090000 0.250000
0 0.273333 0.791667 0.306667 0.163333
0 0.206667 0.571667 0.153333 0.163333
0 0.076667 0.580000 0.120000 0.100000
0 0.281667 0.671667 0.230000 0.123333
0 0.401667 0.700000 0.183333 0.260000
0 0.426667 0.295000 0.220000 0.110000
0 0.893333 0.500000 0.066667 0.173333
0 0.051667 0.838333 0.096667 0.123333
0 0.825000 0.513333 0.076667 0.126667
0 0.340000 0.205000 0.220000 0.103333
0 0.565000 0.243333 0.170000 0.106667
0 0.198333 0.445000 0.070000 0.136667
0 0.233333 0.941667 0.206667 0.096667
