0 0.083333 0.591667 0.106667 0.610000
0 0.143333 0.688333 0.113333 0.436667
0 0.216667 0.673333 0.100000 0.480000
0 0.186667 0.418333 0.113333 0.243333
0 0.271667 0.626667 0.096667 0.526667
0 0.356667 0.608333 0.113333 0.516667
0 0.456667 0.543333 0.120000 0.626667
0 0.526667 0.541667 0.113333 0.663333
0 0.621667 0.635000 0.136667 0.510000
0 0.723333 0.640000 0.120000 0.546667
0 0.811667 0.705000 0.103333 0.430000
0 0.910000 0.585000 0.146667 0.670000
0 0.630000 0.335000 0.160000 0.356667
0 0.735000 0.283333 0.143333 0.340000
