0 0.485000 0.831667 0.116667 0.336667
0 0.153333 0.815000 0.073333 0.290000
0 0.788333 0.438333 0.143333 0.243333
0 0.643333 0.656667 0.080000 0.280000
0 0.311667 0.271667 0.063333 0.176667
0 0.506667 0.515000 0.060000 0.303333
0 0.568333 0.508333 0.070000 0.203333
0 0.613333 0.906667 0.126667 0.186667
0 0.920000 0.935000 0.153333 0.123333
0 0.866667 0.515000 0.120000 0.303333
0 0.866667 0.778333 0.066667 0.203333
0 0.761667 0.270000 0.076667 0.106667
0 0.538333 0.178333 0.176667 0.116667
0 0.356667 0.338333 0.193333 0.183333
