0 0.598333 0.695000 0.270000 0.330000
0 0.118333 0.736667 0.230000 0.186667
0 0.131667 0.916667 0.256667 0.146667
0 0.178333 0.543333 0.216667 0.226667
0 0.076667 0.520000 0.140000 0.333333
0 0.358333 0.841667 0.163333 0.303333
0 0.406667 0.613333 0.193333 0.153333
0 0.255000 0.530000 0.243333 0.286667
0 0.685000 0.940000 0.170000 0.106667
0 0.571667 0.846667 0.256667 0.153333
0 0.373333 0.195000 0.240000 0.230000
0 0.095000 0.238333 0.176667 0.303333
0 0.196667 0.143333 0.093333 0.280000
0 0.831667 0.178333 0.276667 0.163333
0 0.486667 0.303333 0.226667 0.313333
0 0.706667 0.416667 0.153333 0.180000
