0 0.621667 0.685000 0.123333 0.136667
0 0.063333 0.870000 0.113333 0.153333
0 0.080000 0.765000 0.126667 0.130000
0 0.310000 0.556667 0.180000 0.073333
0 0.326667 0.751667 0.146667 0.096667
0 0.405000 0.910000 0.070000 0.160000
0 0.526667 0.816667 0.153333 0.060000
0 0.760000 0.735000 0.060000 0.176667
0 0.756667 0.886667 0.193333 0.166667
0 0.610000 0.780000 0.140000 0.113333
0 0.261667 0.465000 0.136667 0.116667
0 0.186667 0.436667 0.093333 0.173333
0 0.093333 0.650000 0.146667 0.093333
0 0.515000 0.635000 0.123333 0.130000
0 0.253333 0.930000 0.066667 0.120000
0 0.166667 0.935000 0.113333 0.116667
0 0.486667 0.910000 0.086667 0.140000
0 0.861667 0.683333 0.090000 0.126667
