0 0.351667 0.751667 0.096667 0.216667
0 0.285000 0.256667 0.136667 0.126667
0 0.866667 0.658333 0.133333 0.176667
0 0.241667 0.818333 0.163333 0.103333
0 0.561667 0.310000 0.143333 0.126667
0 0.733333 0.448333 0.066667 0.183333
0 0.575000 0.240000 0.043333 0.120000
0 0.823333 0.371667 0.093333 0.150000
0 0.583333 0.855000 0.100000 0.096667
0 0.571667 0.933333 0.090000 0.126667
0 0.151667 0.448333 0.043333 0.190000
0 0.476667 0.635000 0.126667 0.143333
0 0.123333 0.075000 0.066667 0.143333
0 0.116667 0.703333 0.080000 0.153333
0 0.190000 0.783333 0.146667 0.160000
0 0.756667 0.080000 0.113333 0.146667
0 0.350000 0.056667 0.106667 0.060000
0 0.233333 0.325000 0.046667 0.156667
0 0.441667 0.331667 0.116667 0.103333
0 0.366667 0.463333 0.106667 0.126667
0 0.196667 0.625000 0.073333 0.176667
0 0.675000 0.653333 0.110000 0.086667
0 0.678333 0.765000 0.076667 0.096667
0 0.763333 0.795000 0.080000 0.096667
0 0.960000 0.231667 0.073333 0.103333
0 0.091667 0.216667 0.150000 0.140000
0 0.495000 0.878333 0.076667 0.130000
0 0.106667 0.893333 0.133333 0.173333
0 0.796667 0.945000 0.060000 0.070000
0 0.486667 0.496667 0.120000 0.146667
0 0.676667 0.305000 0.053333 0.116667
0 0.668333 0.440000 0.096667 0.173333
0 0.840000 0.535000 0.060000 0.076667
0 0.368333 0.965000 0.090000 0.063333
0 0.211667 0.925000 0.083333 0.110000
