0 0.086667 0.738333 0.080000 0.463333
0 0.126667 0.831667 0.066667 0.296667
0 0.888333 0.630000 0.156667 0.646667
0 0.788333 0.718333 0.123333 0.483333
0 0.708333 0.783333 0.090000 0.393333
0 0.641667 0.763333 0.070000 0.433333
0 0.575000 0.716667 0.083333 0.526667
0 0.521667 0.813333 0.050000 0.293333
0 0.468333 0.778333 0.076667 0.383333
0 0.410000 0.740000 0.080000 0.486667
0 0.355000 0.820000 0.056667 0.293333
0 0.295000 0.780000 0.076667 0.380000
0 0.228333 0.746667 0.090000 0.480000
0 0.178333 0.818333 0.050000 0.303333
