0 0.136667 0.160000 0.040000 0.126667
0 0.113333 0.175000 0.040000 0.130000
0 0.095000 0.180000 0.050000 0.133333
0 0.071667 0.180000 0.043333 0.133333
0 0.046667 0.175000 0.040000 0.130000
0 0.456667 0.730000 0.053333 0.173333
0 0.495000 0.743333 0.043333 0.166667
0 0.538333 0.751667 0.056667 0.156667
0 0.273333 0.271667 0.040000 0.130000
0 0.295000 0.271667 0.023333 0.123333
0 0.525000 0.590000 0.256667 0.480000
0 0.236667 0.623333 0.326667 0.413333
0 0.818333 0.698333 0.356667 0.583333
0 0.368333 0.900000 0.730000 0.193333
0 0.455000 0.158333 0.143333 0.283333
0 0.401667 0.398333 0.116667 0.203333
0 0.185000 0.298333 0.363333 0.583333
