11 0.073333 0.670000 0.140000 0.313333
11 0.188333 0.796667 0.156667 0.326667
11 0.213333 0.600000 0.146667 0.280000
11 0.418333 0.601667 0.170000 0.336667
11 0.486667 0.795000 0.173333 0.363333
11 0.580000 0.633333 0.166667 0.346667
11 0.780000 0.758333 0.160000 0.323333
11 0.780000 0.545000 0.153333 0.250000
11 0.910000 0.673333 0.153333 0.313333
11 0.245000 0.311667 0.123333 0.263333
11 0.370000 0.301667 0.126667 0.263333
11 0.551667 0.291667 0.136667 0.276667
11 0.688333 0.278333 0.130000 0.276667
11 0.313333 0.183333 0.126667 0.260000
11 0.606667 0.120000 0.133333 0.193333
