11 0.370000 0.800000 0.100000 0.113333
11 0.471667 0.788333 0.096667 0.116667
11 0.545000 0.741667 0.090000 0.116667
11 0.631667 0.718333 0.083333 0.116667
11 0.715000 0.703333 0.090000 0.113333
11 0.740000 0.586667 0.120000 0.126667
11 0.320000 0.726667 0.093333 0.100000
11 0.276667 0.658333 0.093333 0.103333
11 0.228333 0.690000 0.090000 0.113333
11 0.823333 0.605000 0.100000 0.116667
11 0.598333 0.583333 0.096667 0.126667
11 0.645000 0.631667 0.096667 0.083333
11 0.543333 0.650000 0.100000 0.100000
11 0.506667 0.586667 0.086667 0.100000
11 0.370000 0.600000 0.086667 0.100000
11 0.276667 0.658333 0.086667 0.103333
11 0.186667 0.630000 0.093333 0.106667
11 0.138333 0.595000 0.083333 0.096667
11 0.170000 0.511667 0.073333 0.090000
11 0.311667 0.525000 0.103333 0.103333
11 0.246667 0.410000 0.093333 0.100000
11 0.375000 0.473333 0.090000 0.093333
11 0.515000 0.475000 0.090000 0.103333
11 0.601667 0.470000 0.083333 0.093333
11 0.683333 0.408333 0.093333 0.103333
11 0.716667 0.498333 0.086667 0.090000
11 0.291667 0.343333 0.083333 0.086667
11 0.421667 0.306667 0.096667 0.106667
11 0.353333 0.285000 0.073333 0.090000
11 0.550000 0.285000 0.100000 0.103333
11 0.641667 0.281667 0.096667 0.090000
11 0.736667 0.286667 0.073333 0.080000
11 0.543333 0.403333 0.093333 0.093333
11 0.388333 0.398333 0.090000 0.083333
11 0.470000 0.270000 0.073333 0.073333
11 0.756667 0.395000 0.080000 0.090000
11 0.403333 0.670000 0.093333 0.073333
11 0.826667 0.380000 0.060000 0.093333
11 0.831667 0.488333 0.090000 0.096667
