11 0.493333 0.308333 0.140000 0.090000
11 0.495000 0.226667 0.136667 0.086667
11 0.421667 0.396667 0.136667 0.086667
11 0.561667 0.386667 0.136667 0.086667
11 0.635000 0.465000 0.136667 0.096667
11 0.503333 0.473333 0.140000 0.100000
11 0.365000 0.471667 0.136667 0.096667
11 0.293333 0.555000 0.140000 0.096667
11 0.431667 0.561667 0.136667 0.096667
11 0.565000 0.553333 0.136667 0.100000
11 0.703333 0.553333 0.140000 0.100000
11 0.771667 0.641667 0.136667 0.096667
11 0.635000 0.635000 0.136667 0.096667
11 0.495000 0.635000 0.136667 0.096667
11 0.363333 0.643333 0.140000 0.100000
11 0.225000 0.635000 0.136667 0.096667
11 0.165000 0.728333 0.136667 0.096667
11 0.298333 0.728333 0.136667 0.096667
11 0.435000 0.728333 0.136667 0.096667
11 0.571667 0.728333 0.136667 0.096667
11 0.705000 0.725000 0.136667 0.096667
11 0.840000 0.721667 0.140000 0.096667
11 0.906667 0.808333 0.140000 0.096667
11 0.770000 0.811667 0.140000 0.096667
11 0.636667 0.811667 0.140000 0.096667
11 0.503333 0.808333 0.133333 0.103333
11 0.366667 0.808333 0.133333 0.103333
11 0.230000 0.808333 0.133333 0.103333
11 0.100000 0.805000 0.133333 0.103333
