11 0.063333 0.176667 0.113333 0.093333
11 0.176667 0.185000 0.113333 0.103333
11 0.111667 0.243333 0.110000 0.080000
11 0.235000 0.255000 0.110000 0.090000
11 0.045000 0.321667 0.083333 0.110000
11 0.151667 0.328333 0.110000 0.103333
11 0.275000 0.345000 0.116667 0.116667
11 0.073333 0.423333 0.120000 0.126667
11 0.205000 0.431667 0.130000 0.136667
11 0.023333 0.528333 0.040000 0.136667
11 0.115000 0.531667 0.136667 0.143333
11 0.895000 0.546667 0.130000 0.140000
11 0.856667 0.658333 0.140000 0.156667
11 0.806667 0.783333 0.146667 0.173333
11 0.661667 0.791667 0.143333 0.163333
11 0.515000 0.788333 0.143333 0.176667
11 0.433333 0.665000 0.126667 0.150000
11 0.371667 0.551667 0.123333 0.130000
11 0.425000 0.446667 0.103333 0.120000
