11 0.166667 0.616667 0.053333 0.093333
11 0.200000 0.651667 0.060000 0.110000
11 0.245000 0.683333 0.076667 0.113333
11 0.328333 0.685000 0.090000 0.123333
11 0.401667 0.651667 0.083333 0.110000
11 0.468333 0.631667 0.076667 0.103333
11 0.525000 0.605000 0.063333 0.103333
11 0.580000 0.576667 0.060000 0.093333
11 0.195000 0.568333 0.076667 0.076667
11 0.260000 0.551667 0.066667 0.096667
11 0.796667 0.686667 0.080000 0.100000
11 0.255000 0.786667 0.083333 0.106667
11 0.255000 0.876667 0.083333 0.100000
11 0.336667 0.886667 0.080000 0.100000
11 0.401667 0.845000 0.076667 0.096667
11 0.463333 0.811667 0.066667 0.096667
11 0.335000 0.793333 0.090000 0.106667
11 0.400000 0.753333 0.080000 0.106667
11 0.470000 0.726667 0.073333 0.080000
11 0.521667 0.700000 0.056667 0.100000
11 0.521667 0.781667 0.056667 0.090000
11 0.575000 0.755000 0.070000 0.096667
11 0.583333 0.666667 0.066667 0.093333
11 0.730000 0.650000 0.073333 0.086667
11 0.688333 0.576667 0.070000 0.093333
11 0.780000 0.590000 0.080000 0.100000
11 0.313333 0.530000 0.066667 0.100000
11 0.371667 0.520000 0.063333 0.086667
11 0.426667 0.506667 0.060000 0.086667
