11 0.075000 0.135000 0.136667 0.183333
11 0.191667 0.350000 0.136667 0.153333
11 0.256667 0.470000 0.146667 0.193333
11 0.180000 0.743333 0.173333 0.240000
11 0.528333 0.748333 0.203333 0.263333
11 0.813333 0.926667 0.186667 0.146667
11 0.926667 0.858333 0.146667 0.196667
11 0.755000 0.791667 0.156667 0.223333
11 0.625000 0.921667 0.183333 0.156667
11 0.886667 0.670000 0.173333 0.226667
11 0.116667 0.920000 0.173333 0.160000
11 0.063333 0.703333 0.120000 0.200000
11 0.345000 0.688333 0.170000 0.203333
11 0.600000 0.495000 0.120000 0.183333
11 0.753333 0.590000 0.146667 0.186667
11 0.871667 0.470000 0.156667 0.186667
11 0.716667 0.413333 0.146667 0.173333
11 0.508333 0.275000 0.123333 0.163333
11 0.633333 0.125000 0.113333 0.143333
11 0.288333 0.913333 0.183333 0.173333
11 0.053333 0.531667 0.093333 0.190000
11 0.083333 0.350000 0.120000 0.180000
11 0.778333 0.200000 0.110000 0.133333
11 0.916667 0.156667 0.100000 0.146667
11 0.488333 0.106667 0.116667 0.140000
11 0.136667 0.240000 0.126667 0.100000
11 0.726667 0.088333 0.113333 0.136667
11 0.843333 0.065000 0.106667 0.123333
11 0.640000 0.276667 0.133333 0.113333
11 0.365000 0.848333 0.183333 0.190000
11 0.661667 0.673333 0.156667 0.213333
11 0.486667 0.628333 0.160000 0.176667
11 0.401667 0.490000 0.150000 0.133333
11 0.350000 0.096667 0.106667 0.140000
