11 0.533333 0.930000 0.120000 0.140000
11 0.655000 0.890000 0.123333 0.146667
11 0.553333 0.776667 0.133333 0.160000
11 0.696667 0.741667 0.133333 0.150000
11 0.916667 0.680000 0.126667 0.146667
11 0.800000 0.708333 0.120000 0.143333
11 0.095000 0.721667 0.116667 0.150000
11 0.343333 0.703333 0.126667 0.126667
11 0.448333 0.756667 0.110000 0.126667
11 0.263333 0.391667 0.133333 0.136667
11 0.190000 0.521667 0.133333 0.116667
11 0.565000 0.221667 0.130000 0.136667
11 0.783333 0.265000 0.126667 0.136667
11 0.885000 0.365000 0.123333 0.143333
11 0.166667 0.178333 0.113333 0.116667
11 0.310000 0.118333 0.126667 0.116667
11 0.373333 0.216667 0.120000 0.133333
11 0.080000 0.378333 0.113333 0.130000
11 0.060000 0.486667 0.113333 0.126667
11 0.435000 0.351667 0.123333 0.136667
11 0.490000 0.480000 0.126667 0.133333
11 0.860000 0.545000 0.120000 0.136667
11 0.958333 0.580000 0.083333 0.146667
11 0.381667 0.851667 0.110000 0.143333
11 0.558333 0.386667 0.123333 0.133333
11 0.670000 0.441667 0.113333 0.136667
11 0.950000 0.456667 0.100000 0.133333
11 0.585000 0.068333 0.103333 0.110000
11 0.465000 0.076667 0.110000 0.113333
11 0.320000 0.288333 0.133333 0.130000
11 0.063333 0.605000 0.113333 0.136667
11 0.866667 0.250000 0.106667 0.126667
