11 0.198333 0.605000 0.176667 0.130000
11 0.333333 0.503333 0.186667 0.120000
11 0.383333 0.426667 0.173333 0.113333
11 0.283333 0.356667 0.173333 0.126667
11 0.300000 0.276667 0.173333 0.106667
11 0.375000 0.190000 0.170000 0.106667
11 0.508333 0.123333 0.170000 0.113333
11 0.656667 0.203333 0.166667 0.126667
11 0.803333 0.275000 0.166667 0.116667
11 0.455000 0.273333 0.143333 0.126667
11 0.598333 0.266667 0.150000 0.120000
11 0.441667 0.383333 0.163333 0.120000
11 0.623333 0.391667 0.173333 0.116667
11 0.433333 0.628333 0.180000 0.116667
11 0.310000 0.721667 0.186667 0.123333
11 0.370000 0.845000 0.180000 0.136667
11 0.540000 0.905000 0.186667 0.123333
11 0.561667 0.858333 0.190000 0.123333
11 0.721667 0.826667 0.176667 0.133333
11 0.483333 0.751667 0.160000 0.130000
11 0.575000 0.713333 0.170000 0.133333
11 0.745000 0.700000 0.170000 0.140000
11 0.763333 0.580000 0.153333 0.120000
11 0.605000 0.590000 0.116667 0.120000
11 0.450000 0.583333 0.180000 0.113333
