11 0.526667 0.843333 0.120000 0.093333
11 0.310000 0.715000 0.113333 0.090000
11 0.505000 0.688333 0.103333 0.076667
11 0.701667 0.678333 0.110000 0.090000
11 0.863333 0.661667 0.120000 0.096667
11 0.098333 0.716667 0.130000 0.113333
11 0.145000 0.580000 0.103333 0.086667
11 0.340000 0.570000 0.093333 0.080000
11 0.511667 0.565000 0.090000 0.063333
11 0.650000 0.553333 0.093333 0.073333
11 0.820000 0.571667 0.100000 0.076667
11 0.190000 0.485000 0.086667 0.076667
11 0.351667 0.481667 0.083333 0.063333
11 0.615000 0.470000 0.070000 0.066667
11 0.471667 0.473333 0.036667 0.046667
11 0.758333 0.475000 0.083333 0.070000
11 0.718333 0.415000 0.056667 0.056667
11 0.590000 0.403333 0.046667 0.053333
11 0.473333 0.353333 0.066667 0.053333
11 0.243333 0.353333 0.046667 0.046667
11 0.686667 0.358333 0.046667 0.050000
11 0.480000 0.408333 0.080000 0.056667
11 0.211667 0.415000 0.076667 0.063333
