11 0.673333 0.921667 0.220000 0.156667
11 0.853333 0.833333 0.206667 0.260000
11 0.676667 0.735000 0.206667 0.230000
11 0.861667 0.598333 0.203333 0.230000
11 0.680000 0.538333 0.193333 0.216667
11 0.881667 0.423333 0.190000 0.186667
11 0.713333 0.390000 0.180000 0.180000
11 0.675000 0.266667 0.163333 0.186667
11 0.853333 0.290000 0.173333 0.173333
11 0.845000 0.150000 0.170000 0.153333
11 0.680000 0.120000 0.166667 0.153333
11 0.543333 0.885000 0.093333 0.230000
11 0.546667 0.681667 0.100000 0.210000
11 0.548333 0.500000 0.103333 0.186667
11 0.558333 0.385000 0.123333 0.190000
11 0.555000 0.216667 0.116667 0.166667
11 0.556667 0.078333 0.120000 0.123333
11 0.813333 0.055000 0.153333 0.103333
11 0.321667 0.878333 0.150000 0.243333
11 0.113333 0.943333 0.133333 0.113333
11 0.135000 0.788333 0.090000 0.203333
11 0.323333 0.633333 0.126667 0.240000
11 0.426667 0.730000 0.113333 0.246667
11 0.336667 0.396667 0.133333 0.240000
11 0.413333 0.208333 0.133333 0.243333
11 0.458333 0.448333 0.070000 0.250000
11 0.228333 0.536667 0.096667 0.233333
11 0.150000 0.576667 0.100000 0.206667
11 0.235000 0.268333 0.130000 0.243333
11 0.130000 0.288333 0.113333 0.243333
11 0.258333 0.091667 0.123333 0.176667
11 0.123333 0.103333 0.106667 0.200000
11 0.046667 0.236667 0.053333 0.253333
