11 0.766667 0.051667 0.093333 0.096667
11 0.685000 0.101667 0.096667 0.163333
11 0.863333 0.085000 0.093333 0.163333
11 0.786667 0.190000 0.100000 0.173333
11 0.906667 0.228333 0.093333 0.170000
11 0.693333 0.245000 0.100000 0.170000
11 0.731667 0.340000 0.103333 0.180000
11 0.638333 0.386667 0.096667 0.166667
11 0.945000 0.378333 0.103333 0.163333
11 0.743333 0.566667 0.093333 0.173333
11 0.830000 0.525000 0.100000 0.176667
11 0.935000 0.526667 0.096667 0.180000
11 0.616667 0.643333 0.100000 0.173333
11 0.625000 0.475000 0.096667 0.136667
11 0.755000 0.743333 0.096667 0.173333
11 0.863333 0.691667 0.093333 0.176667
11 0.916667 0.720000 0.086667 0.173333
11 0.636667 0.946667 0.093333 0.106667
11 0.723333 0.920000 0.100000 0.160000
11 0.900000 0.885000 0.093333 0.170000
11 0.806667 0.871667 0.086667 0.170000
11 0.585000 0.845000 0.096667 0.170000
11 0.650000 0.805000 0.073333 0.163333
11 0.755000 0.421667 0.096667 0.136667
11 0.131667 0.595000 0.063333 0.096667
11 0.168333 0.646667 0.063333 0.100000
11 0.225000 0.681667 0.070000 0.103333
11 0.293333 0.696667 0.066667 0.100000
11 0.365000 0.691667 0.063333 0.103333
11 0.428333 0.670000 0.063333 0.100000
11 0.466667 0.616667 0.073333 0.093333
11 0.190000 0.445000 0.060000 0.063333
11 0.243333 0.436667 0.053333 0.073333
11 0.296667 0.431667 0.053333 0.070000
11 0.350000 0.440000 0.053333 0.080000
11 0.401667 0.466667 0.056667 0.073333
