11 0.356667 0.880000 0.160000 0.220000
11 0.070000 0.841667 0.133333 0.190000
11 0.216667 0.793333 0.160000 0.206667
11 0.498333 0.780000 0.163333 0.206667
11 0.643333 0.876667 0.160000 0.206667
11 0.781667 0.785000 0.156667 0.190000
11 0.918333 0.711667 0.150000 0.183333
11 0.073333 0.691667 0.140000 0.190000
11 0.210000 0.623333 0.160000 0.180000
11 0.360000 0.701667 0.160000 0.176667
11 0.645000 0.700000 0.150000 0.180000
11 0.776667 0.626667 0.160000 0.173333
11 0.910000 0.560000 0.153333 0.180000
11 0.496667 0.610000 0.160000 0.166667
11 0.356667 0.550000 0.153333 0.173333
11 0.078333 0.528333 0.150000 0.170000
11 0.220000 0.466667 0.146667 0.173333
11 0.090000 0.375000 0.146667 0.150000
11 0.230000 0.310000 0.146667 0.146667
11 0.361667 0.396667 0.143333 0.160000
11 0.500000 0.476667 0.153333 0.153333
11 0.635000 0.548333 0.150000 0.163333
11 0.763333 0.468333 0.140000 0.150000
11 0.891667 0.415000 0.143333 0.150000
11 0.635000 0.398333 0.143333 0.163333
11 0.496667 0.353333 0.140000 0.153333
11 0.086667 0.243333 0.140000 0.146667
11 0.366667 0.241667 0.146667 0.150000
11 0.503333 0.218333 0.140000 0.143333
11 0.635000 0.250000 0.130000 0.153333
11 0.753333 0.195000 0.140000 0.143333
11 0.755000 0.330000 0.136667 0.153333
11 0.880000 0.280000 0.140000 0.146667
11 0.875000 0.153333 0.143333 0.140000
11 0.620000 0.111667 0.133333 0.143333
11 0.486667 0.106667 0.140000 0.126667
11 0.351667 0.110000 0.143333 0.133333
11 0.225000 0.170000 0.136667 0.153333
11 0.100000 0.115000 0.140000 0.136667
11 0.223333 0.055000 0.133333 0.103333
11 0.741667 0.070000 0.130000 0.133333
11 0.861667 0.050000 0.136667 0.093333
