11 0.068333 0.598333 0.063333 0.050000
11 0.036667 0.766667 0.060000 0.066667
11 0.081667 0.715000 0.076667 0.070000
11 0.055000 0.666667 0.070000 0.046667
11 0.121667 0.673333 0.063333 0.053333
11 0.096667 0.631667 0.060000 0.043333
11 0.176667 0.771667 0.073333 0.063333
11 0.208333 0.723333 0.056667 0.060000
11 0.211667 0.826667 0.070000 0.073333
11 0.260000 0.888333 0.080000 0.083333
11 0.345000 0.886667 0.083333 0.073333
11 0.431667 0.885000 0.083333 0.076667
11 0.458333 0.820000 0.076667 0.066667
11 0.471667 0.763333 0.043333 0.053333
