11 0.160000 0.893333 0.313333 0.206667
11 0.488333 0.876667 0.350000 0.233333
11 0.830000 0.871667 0.340000 0.250000
11 0.156667 0.695000 0.306667 0.223333
11 0.491667 0.681667 0.310000 0.203333
11 0.791667 0.671667 0.310000 0.196667
11 0.180000 0.526667 0.280000 0.166667
11 0.456667 0.511667 0.266667 0.163333
11 0.740000 0.516667 0.260000 0.160000
11 0.926667 0.518333 0.146667 0.156667
11 0.188333 0.406667 0.236667 0.113333
11 0.036667 0.405000 0.066667 0.123333
11 0.425000 0.393333 0.230000 0.120000
11 0.656667 0.406667 0.233333 0.133333
11 0.868333 0.395000 0.223333 0.136667
11 0.046667 0.311667 0.086667 0.110000
11 0.200000 0.305000 0.220000 0.103333
11 0.411667 0.291667 0.210000 0.103333
11 0.623333 0.303333 0.206667 0.100000
11 0.818333 0.301667 0.210000 0.090000
11 0.070000 0.226667 0.133333 0.086667
11 0.233333 0.225000 0.193333 0.090000
11 0.421667 0.218333 0.190000 0.083333
11 0.605000 0.223333 0.183333 0.086667
11 0.783333 0.223333 0.166667 0.086667
