11 0.166667 0.120000 0.180000 0.080000
11 0.600000 0.216667 0.140000 0.060000
11 0.150000 0.401667 0.160000 0.203333
11 0.271667 0.551667 0.156667 0.236667
11 0.310000 0.720000 0.100000 0.153333
11 0.866667 0.496667 0.093333 0.126667
11 0.726667 0.666667 0.100000 0.146667
11 0.183333 0.836667 0.140000 0.180000
11 0.195000 0.601667 0.150000 0.216667
11 0.948333 0.941667 0.090000 0.110000
11 0.836667 0.078333 0.106667 0.070000
11 0.920000 0.146667 0.120000 0.053333
11 0.496667 0.090000 0.113333 0.046667
11 0.081667 0.858333 0.076667 0.190000
