11 0.220000 0.630000 0.346667 0.246667
11 0.446667 0.766667 0.413333 0.300000
11 0.293333 0.951667 0.413333 0.096667
11 0.915000 0.710000 0.170000 0.286667
11 0.901667 0.811667 0.196667 0.263333
11 0.718333 0.200000 0.336667 0.240000
11 0.866667 0.303333 0.266667 0.173333
11 0.246667 0.246667 0.273333 0.226667
11 0.503333 0.441667 0.246667 0.323333
11 0.250000 0.105000 0.246667 0.130000
11 0.531667 0.108333 0.243333 0.150000
11 0.058333 0.321667 0.110000 0.210000
11 0.176667 0.381667 0.246667 0.190000
11 0.426667 0.343333 0.266667 0.193333
11 0.751667 0.468333 0.336667 0.216667
11 0.750000 0.560000 0.346667 0.173333
11 0.840000 0.445000 0.320000 0.190000
11 0.708333 0.648333 0.256667 0.150000
11 0.840000 0.091667 0.240000 0.136667
