11 0.065000 0.096667 0.123333 0.186667
11 0.175000 0.115000 0.123333 0.223333
11 0.301667 0.130000 0.090000 0.180000
11 0.408333 0.128333 0.110000 0.196667
11 0.443333 0.316667 0.140000 0.240000
11 0.588333 0.185000 0.090000 0.163333
11 0.681667 0.195000 0.116667 0.170000
11 0.746667 0.336667 0.100000 0.166667
11 0.905000 0.390000 0.096667 0.173333
11 0.120000 0.286667 0.133333 0.193333
11 0.041667 0.396667 0.076667 0.166667
11 0.235000 0.531667 0.110000 0.203333
11 0.190000 0.916667 0.133333 0.166667
11 0.345000 0.911667 0.076667 0.170000
11 0.431667 0.921667 0.096667 0.150000
11 0.565000 0.881667 0.096667 0.190000
11 0.651667 0.730000 0.130000 0.233333
11 0.596667 0.491667 0.093333 0.170000
11 0.783333 0.798333 0.100000 0.163333
11 0.078333 0.790000 0.083333 0.160000
11 0.193333 0.385000 0.086667 0.150000
11 0.391667 0.578333 0.103333 0.143333
11 0.953333 0.808333 0.073333 0.130000
11 0.675000 0.538333 0.090000 0.156667
11 0.455000 0.703333 0.103333 0.180000
11 0.090000 0.596667 0.086667 0.180000
