11 0.095000 0.125000 0.136667 0.190000
11 0.256667 0.123333 0.146667 0.193333
11 0.420000 0.123333 0.140000 0.186667
11 0.580000 0.126667 0.140000 0.193333
11 0.743333 0.126667 0.140000 0.193333
11 0.906667 0.125000 0.146667 0.196667
11 0.093333 0.365000 0.140000 0.196667
11 0.256667 0.365000 0.140000 0.190000
11 0.420000 0.365000 0.140000 0.190000
11 0.583333 0.365000 0.140000 0.190000
11 0.743333 0.365000 0.140000 0.190000
11 0.906667 0.365000 0.140000 0.190000
11 0.076667 0.563333 0.106667 0.120000
11 0.236667 0.563333 0.106667 0.120000
11 0.396667 0.563333 0.106667 0.120000
11 0.560000 0.563333 0.106667 0.120000
11 0.733333 0.570000 0.126667 0.133333
11 0.913333 0.573333 0.126667 0.133333
11 0.915000 0.728333 0.130000 0.136667
11 0.915000 0.896667 0.130000 0.146667
11 0.735000 0.721667 0.130000 0.136667
11 0.735000 0.893333 0.130000 0.166667
11 0.560000 0.728333 0.113333 0.150000
11 0.400000 0.725000 0.113333 0.150000
11 0.236667 0.728333 0.113333 0.150000
11 0.076667 0.728333 0.113333 0.150000
11 0.076667 0.895000 0.113333 0.150000
11 0.240000 0.898333 0.113333 0.150000
11 0.400000 0.901667 0.113333 0.150000
11 0.563333 0.898333 0.113333 0.150000
