11 0.433333 0.211667 0.260000 0.243333
11 0.600000 0.318333 0.253333 0.270000
11 0.923333 0.391667 0.153333 0.263333
11 0.921667 0.663333 0.156667 0.273333
11 0.741667 0.713333 0.270000 0.313333
11 0.405000 0.703333 0.270000 0.260000
11 0.368333 0.466667 0.256667 0.246667
11 0.131667 0.578333 0.256667 0.276667
11 0.108333 0.358333 0.210000 0.256667
11 0.253333 0.080000 0.253333 0.153333
11 0.641667 0.088333 0.250000 0.170000
11 0.890000 0.115000 0.213333 0.223333
11 0.456667 0.906667 0.280000 0.186667
11 0.725000 0.930000 0.256667 0.140000
11 0.286667 0.235000 0.166667 0.263333
11 0.670000 0.601667 0.253333 0.230000
11 0.173333 0.948333 0.260000 0.103333
