11 0.343333 0.288333 0.160000 0.296667
11 0.511667 0.193333 0.163333 0.273333
11 0.730000 0.176667 0.166667 0.266667
11 0.551667 0.511667 0.183333 0.290000
11 0.745000 0.598333 0.176667 0.316667
11 0.811667 0.483333 0.163333 0.300000
11 0.661667 0.370000 0.163333 0.266667
11 0.608333 0.803333 0.176667 0.313333
11 0.435000 0.820000 0.176667 0.293333
11 0.251667 0.705000 0.176667 0.330000
11 0.175000 0.505000 0.170000 0.290000
11 0.400000 0.571667 0.173333 0.290000
11 0.190000 0.281667 0.153333 0.250000
11 0.365000 0.148333 0.156667 0.176667
11 0.583333 0.168333 0.120000 0.243333
