11 0.766667 0.701667 0.180000 0.176667
11 0.606667 0.648333 0.173333 0.170000
11 0.435000 0.686667 0.190000 0.173333
11 0.216667 0.711667 0.193333 0.176667
11 0.115000 0.615000 0.176667 0.163333
11 0.298333 0.576667 0.163333 0.153333
11 0.100000 0.475000 0.166667 0.136667
11 0.893333 0.526667 0.160000 0.153333
11 0.278333 0.428333 0.170000 0.143333
11 0.473333 0.508333 0.180000 0.150000
11 0.515000 0.421667 0.176667 0.163333
11 0.730000 0.510000 0.180000 0.166667
11 0.843333 0.375000 0.166667 0.163333
11 0.711667 0.325000 0.156667 0.130000
11 0.303333 0.340000 0.160000 0.106667
11 0.353333 0.290000 0.146667 0.113333
11 0.503333 0.298333 0.153333 0.090000
11 0.576667 0.258333 0.133333 0.110000
11 0.766667 0.260000 0.140000 0.080000
