11 0.331667 0.496667 0.090000 0.046667
11 0.431667 0.508333 0.096667 0.050000
11 0.531667 0.516667 0.103333 0.053333
11 0.630000 0.513333 0.093333 0.046667
11 0.576667 0.475000 0.093333 0.036667
11 0.480000 0.473333 0.093333 0.040000
11 0.386667 0.461667 0.093333 0.043333
11 0.301667 0.445000 0.090000 0.036667
11 0.248333 0.478333 0.090000 0.043333
11 0.176667 0.458333 0.093333 0.043333
11 0.668333 0.460000 0.096667 0.040000
11 0.723333 0.496667 0.100000 0.040000
11 0.805000 0.481667 0.090000 0.043333
11 0.870000 0.456667 0.086667 0.040000
11 0.810000 0.425000 0.093333 0.036667
11 0.750000 0.446667 0.093333 0.040000
11 0.666667 0.423333 0.086667 0.033333
11 0.583333 0.436667 0.093333 0.033333
11 0.491667 0.435000 0.096667 0.036667
11 0.233333 0.425000 0.093333 0.043333
11 0.405000 0.423333 0.090000 0.033333
11 0.071667 0.463333 0.083333 0.040000
11 0.133333 0.493333 0.093333 0.046667
11 0.210000 0.515000 0.100000 0.043333
11 0.295000 0.535000 0.096667 0.043333
11 0.398333 0.548333 0.096667 0.036667
11 0.120000 0.430000 0.086667 0.040000
11 0.173333 0.398333 0.080000 0.036667
11 0.258333 0.388333 0.090000 0.030000
11 0.343333 0.376667 0.080000 0.033333
11 0.418333 0.390000 0.090000 0.026667
11 0.503333 0.401667 0.080000 0.030000
11 0.486667 0.370000 0.086667 0.033333
11 0.575000 0.373333 0.083333 0.033333
11 0.658333 0.383333 0.076667 0.033333
11 0.590000 0.405000 0.080000 0.030000
11 0.735000 0.403333 0.076667 0.026667
11 0.783333 0.376667 0.080000 0.033333
11 0.708333 0.358333 0.076667 0.030000
11 0.625000 0.350000 0.076667 0.033333
11 0.543333 0.345000 0.086667 0.036667
11 0.460000 0.335000 0.073333 0.030000
11 0.410000 0.353333 0.066667 0.033333
11 0.315000 0.345000 0.076667 0.030000
11 0.233333 0.360000 0.080000 0.033333
11 0.151667 0.373333 0.076667 0.033333
11 0.085000 0.400000 0.083333 0.033333
11 0.035000 0.436667 0.063333 0.046667
11 0.068333 0.370000 0.090000 0.040000
11 0.721667 0.330000 0.090000 0.033333
11 0.798333 0.348333 0.070000 0.030000
11 0.640000 0.320000 0.080000 0.026667
11 0.565000 0.315000 0.076667 0.030000
11 0.490000 0.311667 0.080000 0.030000
11 0.408333 0.303333 0.070000 0.026667
11 0.378333 0.328333 0.070000 0.030000
11 0.305000 0.318333 0.076667 0.030000
11 0.228333 0.328333 0.076667 0.030000
11 0.150000 0.341667 0.080000 0.023333
11 0.070000 0.340000 0.080000 0.026667
11 0.078333 0.310000 0.076667 0.026667
11 0.153333 0.315000 0.073333 0.030000
11 0.235000 0.303333 0.070000 0.026667
11 0.175000 0.290000 0.070000 0.026667
11 0.101667 0.285000 0.083333 0.023333
11 0.058333 0.263333 0.070000 0.026667
11 0.100000 0.243333 0.060000 0.026667
11 0.143333 0.263333 0.066667 0.026667
11 0.216667 0.263333 0.066667 0.026667
11 0.270000 0.281667 0.066667 0.023333
11 0.335000 0.295000 0.070000 0.030000
11 0.381667 0.275000 0.076667 0.030000
11 0.461667 0.285000 0.070000 0.023333
11 0.533333 0.286667 0.066667 0.026667
11 0.606667 0.298333 0.080000 0.030000
11 0.661667 0.281667 0.076667 0.030000
11 0.726667 0.271667 0.066667 0.023333
11 0.690000 0.303333 0.080000 0.026667
11 0.758333 0.296667 0.070000 0.026667
11 0.450000 0.241667 0.066667 0.023333
11 0.661667 0.258333 0.070000 0.030000
11 0.765000 0.231667 0.070000 0.023333
11 0.731667 0.246667 0.063333 0.026667
