11 0.128333 0.445000 0.096667 0.096667
11 0.226667 0.445000 0.093333 0.096667
11 0.313333 0.486667 0.093333 0.093333
11 0.321667 0.581667 0.096667 0.096667
11 0.316667 0.680000 0.100000 0.093333
11 0.320000 0.770000 0.100000 0.093333
11 0.486667 0.606667 0.093333 0.100000
11 0.585000 0.606667 0.090000 0.100000
11 0.685000 0.636667 0.090000 0.093333
11 0.781667 0.606667 0.096667 0.100000
11 0.878333 0.601667 0.096667 0.096667
11 0.683333 0.548333 0.100000 0.096667
11 0.690000 0.448333 0.093333 0.096667
11 0.685000 0.733333 0.096667 0.100000
11 0.685000 0.833333 0.096667 0.100000
11 0.685000 0.925000 0.096667 0.090000
11 0.323333 0.393333 0.100000 0.093333
11 0.323333 0.296667 0.093333 0.093333
