11 0.081667 0.046667 0.136667 0.086667
11 0.246667 0.051667 0.140000 0.090000
11 0.408333 0.051667 0.143333 0.090000
11 0.578333 0.051667 0.136667 0.096667
11 0.745000 0.051667 0.143333 0.096667
11 0.916667 0.051667 0.140000 0.096667
11 0.076667 0.161667 0.140000 0.096667
11 0.246667 0.160000 0.140000 0.100000
11 0.408333 0.160000 0.143333 0.100000
11 0.578333 0.160000 0.136667 0.100000
11 0.745000 0.161667 0.143333 0.096667
11 0.910000 0.161667 0.140000 0.096667
11 0.916667 0.273333 0.140000 0.100000
11 0.745000 0.273333 0.143333 0.100000
11 0.578333 0.271667 0.136667 0.096667
11 0.416667 0.273333 0.140000 0.100000
11 0.246667 0.273333 0.140000 0.100000
11 0.078333 0.273333 0.143333 0.100000
11 0.075000 0.380000 0.143333 0.100000
11 0.076667 0.493333 0.140000 0.100000
11 0.246667 0.493333 0.140000 0.100000
11 0.250000 0.391667 0.140000 0.096667
11 0.408333 0.383333 0.143333 0.100000
11 0.405000 0.501667 0.143333 0.096667
11 0.578333 0.493333 0.136667 0.100000
11 0.578333 0.391667 0.136667 0.096667
11 0.745000 0.383333 0.143333 0.100000
11 0.916667 0.385000 0.146667 0.096667
11 0.916667 0.495000 0.146667 0.096667
11 0.751667 0.495000 0.143333 0.096667
11 0.920000 0.611667 0.146667 0.096667
11 0.750000 0.611667 0.146667 0.096667
11 0.580000 0.611667 0.146667 0.096667
11 0.416667 0.611667 0.146667 0.096667
11 0.250000 0.608333 0.146667 0.096667
11 0.080000 0.608333 0.146667 0.096667
11 0.080000 0.721667 0.146667 0.096667
11 0.248333 0.726667 0.143333 0.100000
11 0.415000 0.723333 0.143333 0.100000
11 0.585000 0.723333 0.143333 0.100000
11 0.755000 0.723333 0.143333 0.100000
11 0.918333 0.720000 0.143333 0.100000
11 0.921667 0.836667 0.143333 0.100000
11 0.921667 0.946667 0.143333 0.100000
11 0.748333 0.950000 0.143333 0.100000
11 0.755000 0.836667 0.143333 0.100000
11 0.585000 0.836667 0.143333 0.100000
11 0.581667 0.943333 0.143333 0.100000
11 0.415000 0.946667 0.143333 0.100000
11 0.418333 0.833333 0.143333 0.100000
11 0.248333 0.836667 0.143333 0.100000
11 0.245000 0.943333 0.143333 0.100000
11 0.081667 0.950000 0.143333 0.100000
11 0.081667 0.840000 0.143333 0.100000
