11 0.106667 0.880000 0.206667 0.240000
11 0.298333 0.775000 0.236667 0.303333
11 0.460000 0.645000 0.180000 0.250000
11 0.616667 0.546667 0.233333 0.280000
11 0.803333 0.458333 0.213333 0.256667
11 0.926667 0.353333 0.146667 0.206667
11 0.043333 0.628333 0.080000 0.283333
11 0.136667 0.510000 0.180000 0.233333
11 0.305000 0.420000 0.216667 0.246667
11 0.460000 0.330000 0.160000 0.213333
11 0.605000 0.261667 0.196667 0.230000
11 0.740000 0.183333 0.146667 0.186667
11 0.860000 0.116667 0.186667 0.200000
