11 0.881667 0.910000 0.090000 0.113333
11 0.961667 0.908333 0.076667 0.116667
11 0.423333 0.936667 0.093333 0.126667
11 0.125000 0.853333 0.096667 0.100000
11 0.256667 0.943333 0.100000 0.113333
11 0.333333 0.778333 0.080000 0.136667
11 0.415000 0.783333 0.090000 0.120000
11 0.548333 0.785000 0.090000 0.110000
11 0.633333 0.753333 0.086667 0.113333
11 0.055000 0.898333 0.083333 0.116667
11 0.046667 0.773333 0.086667 0.120000
11 0.293333 0.546667 0.073333 0.093333
11 0.533333 0.666667 0.086667 0.100000
11 0.793333 0.845000 0.093333 0.136667
11 0.778333 0.755000 0.083333 0.110000
11 0.781667 0.625000 0.083333 0.116667
11 0.876667 0.573333 0.080000 0.100000
11 0.948333 0.636667 0.083333 0.093333
11 0.930000 0.730000 0.093333 0.106667
11 0.201667 0.530000 0.083333 0.100000
11 0.298333 0.376667 0.070000 0.113333
11 0.378333 0.378333 0.083333 0.116667
11 0.626667 0.398333 0.073333 0.063333
11 0.656667 0.461667 0.080000 0.096667
11 0.721667 0.525000 0.076667 0.103333
11 0.818333 0.470000 0.070000 0.100000
11 0.903333 0.455000 0.066667 0.110000
11 0.695000 0.066667 0.063333 0.060000
11 0.398333 0.220000 0.070000 0.080000
11 0.503333 0.268333 0.060000 0.090000
11 0.610000 0.216667 0.066667 0.080000
11 0.085000 0.481667 0.070000 0.110000
11 0.131667 0.395000 0.063333 0.090000
11 0.231667 0.356667 0.063333 0.100000
11 0.161667 0.628333 0.083333 0.103333
11 0.205000 0.728333 0.070000 0.103333
11 0.238333 0.800000 0.083333 0.120000
11 0.523333 0.903333 0.086667 0.126667
11 0.623333 0.900000 0.106667 0.086667
11 0.840000 0.748333 0.080000 0.096667
11 0.645000 0.635000 0.076667 0.070000
11 0.670000 0.656667 0.093333 0.080000
11 0.560000 0.548333 0.086667 0.096667
11 0.460000 0.528333 0.073333 0.110000
11 0.393333 0.591667 0.086667 0.110000
11 0.606667 0.350000 0.073333 0.106667
11 0.538333 0.391667 0.076667 0.070000
11 0.811667 0.266667 0.083333 0.086667
11 0.763333 0.313333 0.073333 0.073333
11 0.658333 0.143333 0.063333 0.080000
11 0.786667 0.156667 0.066667 0.066667
11 0.875000 0.201667 0.070000 0.050000
11 0.938333 0.255000 0.063333 0.063333
11 0.231667 0.211667 0.070000 0.096667
11 0.145000 0.306667 0.056667 0.086667
11 0.491667 0.121667 0.076667 0.056667
11 0.526667 0.075000 0.066667 0.050000
11 0.360000 0.183333 0.066667 0.086667
11 0.098333 0.620000 0.070000 0.093333
11 0.885000 0.801667 0.090000 0.103333
