11 0.680000 0.440000 0.033333 0.020000
11 0.755000 0.378333 0.043333 0.016667
11 0.615000 0.385000 0.036667 0.016667
11 0.558333 0.378333 0.030000 0.016667
11 0.626667 0.376667 0.033333 0.020000
11 0.703333 0.333333 0.033333 0.020000
11 0.756667 0.331667 0.033333 0.016667
11 0.646667 0.331667 0.033333 0.016667
11 0.510000 0.341667 0.033333 0.016667
11 0.466667 0.336667 0.033333 0.013333
11 0.575000 0.336667 0.030000 0.013333
11 0.601667 0.330000 0.030000 0.013333
11 0.425000 0.333333 0.030000 0.013333
11 0.381667 0.328333 0.023333 0.010000
