11 0.091667 0.946667 0.110000 0.100000
11 0.535000 0.946667 0.116667 0.106667
11 0.651667 0.945000 0.116667 0.103333
11 0.766667 0.945000 0.113333 0.103333
11 0.883333 0.938333 0.113333 0.116667
11 0.491667 0.831667 0.076667 0.143333
11 0.588333 0.845000 0.110000 0.116667
11 0.703333 0.835000 0.100000 0.143333
11 0.816667 0.826667 0.106667 0.146667
11 0.931667 0.818333 0.103333 0.136667
11 0.961667 0.680000 0.076667 0.146667
11 0.756667 0.698333 0.093333 0.150000
11 0.485000 0.576667 0.090000 0.146667
11 0.195000 0.953333 0.096667 0.093333
11 0.946667 0.438333 0.093333 0.136667
11 0.891667 0.320000 0.096667 0.120000
11 0.971667 0.313333 0.056667 0.126667
11 0.926667 0.213333 0.093333 0.126667
11 0.828333 0.215000 0.090000 0.123333
11 0.738333 0.216667 0.090000 0.126667
11 0.520000 0.231667 0.093333 0.136667
11 0.476667 0.338333 0.086667 0.130000
11 0.960000 0.105000 0.080000 0.110000
11 0.865000 0.108333 0.103333 0.116667
11 0.771667 0.115000 0.090000 0.116667
11 0.475000 0.121667 0.096667 0.110000
11 0.091667 0.138333 0.090000 0.116667
11 0.038333 0.240000 0.070000 0.113333
11 0.051667 0.045000 0.083333 0.083333
11 0.146667 0.048333 0.093333 0.090000
11 0.240000 0.046667 0.093333 0.086667
11 0.425000 0.043333 0.096667 0.080000
11 0.523333 0.036667 0.093333 0.066667
11 0.215000 0.711667 0.070000 0.143333
