11 0.266667 0.850000 0.166667 0.126667
11 0.481667 0.870000 0.163333 0.120000
11 0.540000 0.751667 0.166667 0.143333
11 0.675000 0.820000 0.176667 0.126667
11 0.690000 0.745000 0.146667 0.096667
11 0.726667 0.456667 0.173333 0.126667
11 0.163333 0.600000 0.146667 0.126667
11 0.228333 0.711667 0.150000 0.130000
11 0.441667 0.696667 0.170000 0.106667
11 0.406667 0.813333 0.126667 0.133333
11 0.620000 0.648333 0.180000 0.110000
11 0.171667 0.446667 0.150000 0.120000
11 0.250000 0.445000 0.100000 0.130000
11 0.390000 0.456667 0.160000 0.113333
11 0.450000 0.515000 0.173333 0.130000
11 0.671667 0.231667 0.163333 0.116667
11 0.750000 0.330000 0.160000 0.113333
11 0.535000 0.246667 0.156667 0.113333
11 0.496667 0.235000 0.146667 0.130000
11 0.333333 0.268333 0.146667 0.116667
11 0.390000 0.196667 0.146667 0.106667
11 0.243333 0.313333 0.146667 0.120000
11 0.278333 0.336667 0.170000 0.120000
11 0.326667 0.585000 0.140000 0.123333
11 0.456667 0.645000 0.160000 0.116667
11 0.625000 0.650000 0.176667 0.106667
11 0.678333 0.570000 0.143333 0.120000
11 0.285000 0.726667 0.170000 0.126667
11 0.603333 0.368333 0.133333 0.123333
