11 0.163333 0.111667 0.220000 0.163333
11 0.383333 0.120000 0.213333 0.166667
11 0.596667 0.121667 0.213333 0.170000
11 0.808333 0.111667 0.216667 0.163333
11 0.180000 0.273333 0.226667 0.160000
11 0.186667 0.436667 0.226667 0.160000
11 0.185000 0.600000 0.223333 0.160000
11 0.196667 0.756667 0.220000 0.153333
11 0.198333 0.905000 0.210000 0.156667
11 0.406667 0.905000 0.206667 0.170000
11 0.613333 0.901667 0.206667 0.163333
11 0.818333 0.890000 0.203333 0.153333
11 0.823333 0.741667 0.220000 0.156667
11 0.828333 0.588333 0.223333 0.156667
11 0.830000 0.431667 0.226667 0.156667
11 0.820000 0.271667 0.226667 0.156667
