11 0.103333 0.346667 0.120000 0.126667
11 0.390000 0.110000 0.133333 0.120000
11 0.521667 0.086667 0.123333 0.120000
11 0.911667 0.636667 0.110000 0.120000
11 0.848333 0.596667 0.123333 0.120000
11 0.343333 0.948333 0.120000 0.103333
11 0.511667 0.965000 0.116667 0.070000
11 0.430000 0.836667 0.120000 0.120000
11 0.353333 0.368333 0.106667 0.110000
11 0.486667 0.370000 0.106667 0.106667
11 0.616667 0.366667 0.113333 0.106667
11 0.621667 0.501667 0.110000 0.110000
11 0.485000 0.501667 0.110000 0.110000
11 0.356667 0.496667 0.106667 0.113333
11 0.360000 0.628333 0.100000 0.110000
11 0.488333 0.630000 0.103333 0.113333
11 0.618333 0.626667 0.103333 0.106667
