11 0.095000 0.295000 0.156667 0.150000
11 0.296667 0.251667 0.153333 0.150000
11 0.400000 0.125000 0.153333 0.143333
11 0.478333 0.258333 0.150000 0.143333
11 0.641667 0.190000 0.150000 0.140000
11 0.865000 0.253333 0.163333 0.146667
11 0.891667 0.428333 0.170000 0.156667
11 0.115000 0.493333 0.163333 0.160000
11 0.266667 0.421667 0.140000 0.143333
11 0.241667 0.556667 0.143333 0.160000
11 0.153333 0.786667 0.213333 0.120000
11 0.556667 0.780000 0.173333 0.166667
11 0.821667 0.711667 0.170000 0.170000
11 0.680000 0.308333 0.153333 0.083333
11 0.516667 0.451667 0.146667 0.156667
11 0.528333 0.620000 0.150000 0.160000
11 0.378333 0.631667 0.150000 0.170000
11 0.806667 0.553333 0.153333 0.160000
11 0.651667 0.520000 0.176667 0.146667
11 0.383333 0.513333 0.140000 0.140000
11 0.390000 0.366667 0.153333 0.153333
11 0.706667 0.416667 0.160000 0.146667
11 0.543333 0.368333 0.146667 0.130000
11 0.673333 0.648333 0.153333 0.163333
