11 0.223333 0.191667 0.233333 0.183333
11 0.428333 0.158333 0.263333 0.123333
11 0.641667 0.143333 0.270000 0.093333
11 0.821667 0.120000 0.150000 0.053333
11 0.151667 0.406667 0.083333 0.233333
11 0.290000 0.376667 0.293333 0.240000
11 0.505000 0.326667 0.270000 0.233333
11 0.733333 0.298333 0.280000 0.230000
11 0.850000 0.251667 0.093333 0.203333
11 0.215000 0.640000 0.216667 0.266667
11 0.428333 0.606667 0.296667 0.280000
11 0.631667 0.565000 0.316667 0.270000
11 0.820000 0.516667 0.146667 0.260000
11 0.581667 0.801667 0.310000 0.170000
11 0.788333 0.765000 0.216667 0.250000
