11 0.218333 0.596667 0.096667 0.140000
11 0.335000 0.585000 0.090000 0.130000
11 0.165000 0.883333 0.083333 0.113333
11 0.395000 0.895000 0.063333 0.136667
11 0.660000 0.840000 0.066667 0.093333
11 0.665000 0.855000 0.116667 0.156667
11 0.155000 0.773333 0.063333 0.086667
11 0.053333 0.695000 0.066667 0.083333
11 0.091667 0.755000 0.063333 0.083333
11 0.708333 0.646667 0.076667 0.106667
11 0.825000 0.883333 0.076667 0.093333
11 0.485000 0.890000 0.110000 0.140000
11 0.033333 0.573333 0.060000 0.073333
11 0.591667 0.670000 0.070000 0.106667
11 0.865000 0.730000 0.076667 0.100000
11 0.841667 0.755000 0.116667 0.150000
11 0.931667 0.771667 0.076667 0.116667
11 0.885000 0.938333 0.076667 0.083333
11 0.105000 0.665000 0.063333 0.070000
11 0.025000 0.858333 0.043333 0.090000
