11 0.075000 0.556667 0.096667 0.173333
11 0.138333 0.278333 0.096667 0.163333
11 0.161667 0.428333 0.096667 0.170000
11 0.233333 0.556667 0.100000 0.173333
11 0.173333 0.740000 0.100000 0.180000
11 0.290000 0.815000 0.100000 0.183333
11 0.360000 0.645000 0.100000 0.176667
11 0.458333 0.711667 0.103333 0.183333
11 0.548333 0.840000 0.103333 0.173333
11 0.690000 0.810000 0.100000 0.173333
11 0.620000 0.645000 0.093333 0.170000
11 0.490000 0.553333 0.093333 0.173333
11 0.373333 0.466667 0.100000 0.173333
11 0.308333 0.340000 0.096667 0.173333
11 0.303333 0.190000 0.086667 0.146667
11 0.463333 0.175000 0.093333 0.163333
11 0.443333 0.323333 0.093333 0.166667
11 0.553333 0.415000 0.100000 0.170000
11 0.585000 0.230000 0.096667 0.166667
11 0.716667 0.326667 0.093333 0.166667
11 0.665000 0.488333 0.096667 0.176667
11 0.753333 0.190000 0.093333 0.160000
11 0.790000 0.506667 0.100000 0.160000
11 0.790000 0.665000 0.100000 0.170000
11 0.920000 0.578333 0.100000 0.176667
11 0.870000 0.381667 0.100000 0.163333
11 0.900000 0.220000 0.100000 0.173333
