11 0.118333 0.891667 0.123333 0.176667
11 0.310000 0.865000 0.113333 0.170000
11 0.325000 0.928333 0.103333 0.143333
11 0.453333 0.931667 0.106667 0.136667
11 0.565000 0.940000 0.110000 0.113333
11 0.548333 0.801667 0.110000 0.163333
11 0.645000 0.853333 0.103333 0.173333
11 0.753333 0.865000 0.106667 0.176667
11 0.413333 0.733333 0.106667 0.153333
11 0.705000 0.711667 0.110000 0.163333
11 0.851667 0.655000 0.116667 0.163333
11 0.948333 0.578333 0.103333 0.170000
11 0.868333 0.465000 0.116667 0.156667
11 0.936667 0.345000 0.126667 0.170000
11 0.635000 0.465000 0.103333 0.156667
11 0.636667 0.561667 0.113333 0.123333
11 0.621667 0.610000 0.110000 0.113333
11 0.755000 0.563333 0.103333 0.153333
11 0.796667 0.231667 0.120000 0.163333
11 0.511667 0.651667 0.103333 0.156667
11 0.485000 0.516667 0.096667 0.153333
11 0.535000 0.490000 0.083333 0.160000
11 0.420000 0.563333 0.106667 0.160000
11 0.301667 0.586667 0.110000 0.160000
11 0.170000 0.566667 0.120000 0.166667
11 0.361667 0.436667 0.096667 0.153333
11 0.458333 0.375000 0.110000 0.150000
11 0.631667 0.185000 0.110000 0.163333
11 0.288333 0.313333 0.116667 0.160000
11 0.180000 0.266667 0.113333 0.160000
11 0.085000 0.168333 0.123333 0.163333
11 0.215000 0.093333 0.110000 0.166667
11 0.330000 0.160000 0.113333 0.173333
11 0.425000 0.270000 0.110000 0.146667
11 0.528333 0.323333 0.090000 0.166667
11 0.841667 0.095000 0.116667 0.163333
11 0.511667 0.073333 0.103333 0.140000
11 0.405000 0.046667 0.110000 0.086667
11 0.458333 0.143333 0.110000 0.140000
11 0.736667 0.046667 0.113333 0.086667
