11 0.520000 0.878333 0.173333 0.203333
11 0.110000 0.686667 0.160000 0.200000
11 0.260000 0.693333 0.160000 0.200000
11 0.423333 0.700000 0.160000 0.200000
11 0.590000 0.690000 0.160000 0.200000
11 0.753333 0.706667 0.160000 0.200000
11 0.905000 0.698333 0.156667 0.210000
11 0.105000 0.481667 0.156667 0.210000
11 0.258333 0.488333 0.156667 0.210000
11 0.415000 0.498333 0.156667 0.210000
11 0.578333 0.491667 0.156667 0.210000
11 0.738333 0.491667 0.156667 0.210000
11 0.898333 0.488333 0.156667 0.210000
11 0.100000 0.291667 0.153333 0.190000
11 0.253333 0.295000 0.153333 0.190000
11 0.403333 0.295000 0.153333 0.190000
11 0.563333 0.291667 0.153333 0.190000
11 0.720000 0.295000 0.153333 0.190000
11 0.876667 0.291667 0.153333 0.190000
11 0.706667 0.105000 0.146667 0.176667
11 0.556667 0.108333 0.146667 0.176667
11 0.403333 0.115000 0.146667 0.176667
11 0.253333 0.115000 0.146667 0.176667
11 0.103333 0.115000 0.146667 0.176667
