11 0.081667 0.045000 0.090000 0.083333
11 0.181667 0.045000 0.090000 0.083333
11 0.285000 0.045000 0.090000 0.083333
11 0.381667 0.045000 0.090000 0.083333
11 0.491667 0.045000 0.090000 0.083333
11 0.598333 0.045000 0.090000 0.083333
11 0.698333 0.045000 0.090000 0.083333
11 0.801667 0.045000 0.090000 0.083333
11 0.905000 0.045000 0.090000 0.083333
11 0.085000 0.175000 0.090000 0.136667
11 0.185000 0.175000 0.090000 0.136667
11 0.285000 0.171667 0.090000 0.136667
11 0.391667 0.168333 0.090000 0.136667
11 0.495000 0.165000 0.090000 0.136667
11 0.601667 0.168333 0.090000 0.136667
11 0.701667 0.165000 0.090000 0.136667
11 0.801667 0.165000 0.090000 0.136667
11 0.908333 0.161667 0.090000 0.136667
11 0.085000 0.348333 0.090000 0.136667
11 0.185000 0.348333 0.090000 0.136667
11 0.291667 0.345000 0.090000 0.136667
11 0.391667 0.338333 0.090000 0.136667
11 0.498333 0.331667 0.090000 0.136667
11 0.605000 0.331667 0.090000 0.136667
11 0.705000 0.335000 0.090000 0.136667
11 0.805000 0.331667 0.090000 0.136667
11 0.901667 0.338333 0.090000 0.136667
11 0.088333 0.505000 0.090000 0.136667
11 0.185000 0.511667 0.090000 0.136667
11 0.285000 0.508333 0.090000 0.136667
11 0.395000 0.491667 0.090000 0.136667
11 0.495000 0.488333 0.090000 0.136667
11 0.601667 0.491667 0.090000 0.136667
11 0.711667 0.491667 0.090000 0.136667
11 0.811667 0.488333 0.090000 0.136667
11 0.911667 0.491667 0.090000 0.136667
11 0.085000 0.671667 0.090000 0.136667
11 0.185000 0.675000 0.090000 0.136667
11 0.285000 0.668333 0.090000 0.136667
11 0.391667 0.658333 0.090000 0.136667
11 0.495000 0.655000 0.090000 0.136667
11 0.598333 0.651667 0.090000 0.136667
11 0.705000 0.665000 0.090000 0.136667
11 0.808333 0.658333 0.090000 0.136667
11 0.905000 0.661667 0.090000 0.136667
11 0.081667 0.838333 0.090000 0.136667
11 0.181667 0.845000 0.090000 0.136667
11 0.288333 0.841667 0.090000 0.136667
11 0.385000 0.835000 0.090000 0.136667
11 0.491667 0.825000 0.090000 0.136667
11 0.601667 0.818333 0.090000 0.136667
11 0.701667 0.821667 0.090000 0.136667
11 0.801667 0.828333 0.090000 0.136667
11 0.905000 0.828333 0.090000 0.136667
11 0.083333 0.966667 0.093333 0.066667
11 0.190000 0.966667 0.093333 0.066667
11 0.290000 0.963333 0.093333 0.073333
11 0.396667 0.963333 0.093333 0.073333
11 0.506667 0.956667 0.093333 0.086667
11 0.606667 0.956667 0.093333 0.086667
11 0.713333 0.956667 0.093333 0.086667
11 0.806667 0.961667 0.086667 0.076667
11 0.906667 0.961667 0.086667 0.076667
