11 0.326667 0.405000 0.133333 0.183333
11 0.335000 0.571667 0.143333 0.163333
11 0.355000 0.295000 0.130000 0.163333
11 0.440000 0.670000 0.146667 0.180000
11 0.433333 0.435000 0.100000 0.170000
11 0.471667 0.270000 0.110000 0.166667
11 0.510000 0.433333 0.133333 0.160000
11 0.600000 0.505000 0.113333 0.150000
11 0.653333 0.541667 0.120000 0.183333
11 0.490000 0.590000 0.140000 0.153333
11 0.621667 0.711667 0.143333 0.196667
11 0.756667 0.613333 0.126667 0.180000
11 0.645000 0.335000 0.123333 0.183333
11 0.741667 0.413333 0.123333 0.186667
11 0.585000 0.275000 0.116667 0.183333
