11 0.220000 0.215000 0.106667 0.230000
11 0.801667 0.945000 0.130000 0.110000
11 0.623333 0.931667 0.120000 0.136667
11 0.498333 0.915000 0.123333 0.150000
11 0.376667 0.890000 0.126667 0.186667
11 0.195000 0.873333 0.123333 0.213333
11 0.175000 0.631667 0.123333 0.216667
11 0.126667 0.848333 0.113333 0.210000
11 0.383333 0.716667 0.133333 0.213333
11 0.543333 0.735000 0.126667 0.223333
11 0.665000 0.680000 0.130000 0.220000
11 0.711667 0.801667 0.130000 0.210000
11 0.841667 0.775000 0.123333 0.230000
11 0.953333 0.781667 0.093333 0.236667
11 0.508333 0.516667 0.130000 0.233333
11 0.381667 0.315000 0.130000 0.216667
11 0.548333 0.295000 0.130000 0.190000
11 0.695000 0.373333 0.123333 0.213333
11 0.870000 0.473333 0.126667 0.220000
11 0.793333 0.495000 0.113333 0.216667
11 0.103333 0.590000 0.106667 0.213333
11 0.926667 0.575000 0.120000 0.216667
11 0.943333 0.333333 0.113333 0.193333
11 0.955000 0.120000 0.090000 0.200000
11 0.840000 0.075000 0.126667 0.143333
11 0.810000 0.265000 0.120000 0.210000
11 0.158333 0.388333 0.116667 0.190000
11 0.055000 0.273333 0.103333 0.213333
11 0.058333 0.495000 0.110000 0.216667
11 0.046667 0.718333 0.086667 0.210000
11 0.698333 0.066667 0.123333 0.126667
11 0.463333 0.185000 0.126667 0.230000
11 0.578333 0.195000 0.116667 0.183333
11 0.336667 0.148333 0.133333 0.216667
11 0.163333 0.141667 0.126667 0.223333
