11 0.233333 0.201667 0.173333 0.290000
11 0.513333 0.526667 0.186667 0.380000
11 0.230000 0.860000 0.193333 0.280000
11 0.568333 0.838333 0.150000 0.316667
11 0.766667 0.673333 0.186667 0.426667
11 0.108333 0.758333 0.176667 0.343333
11 0.288333 0.736667 0.183333 0.373333
11 0.881667 0.878333 0.196667 0.236667
11 0.916667 0.451667 0.166667 0.396667
11 0.653333 0.463333 0.140000 0.380000
11 0.756667 0.235000 0.193333 0.330000
11 0.391667 0.218333 0.170000 0.343333
11 0.050000 0.496667 0.093333 0.366667
11 0.905000 0.121667 0.183333 0.236667
11 0.560000 0.143333 0.173333 0.160000
