1 0.578333 0.543333 0.090000 0.120000
1 0.521667 0.613333 0.090000 0.093333
1 0.473333 0.561667 0.113333 0.103333
1 0.651667 0.601667 0.090000 0.096667
1 0.386667 0.588333 0.066667 0.070000
1 0.408333 0.626667 0.090000 0.053333
1 0.216667 0.393333 0.080000 0.120000
1 0.308333 0.430000 0.076667 0.113333
1 0.218333 0.586667 0.070000 0.106667
1 0.236667 0.673333 0.093333 0.086667
1 0.300000 0.601667 0.060000 0.090000
1 0.341667 0.473333 0.070000 0.120000
1 0.290000 0.308333 0.073333 0.096667
1 0.240000 0.476667 0.093333 0.106667
