1 0.496667 0.405000 0.153333 0.263333
1 0.290000 0.415000 0.146667 0.236667
1 0.056667 0.478333 0.106667 0.170000
1 0.165000 0.435000 0.130000 0.236667
1 0.223333 0.488333 0.086667 0.150000
1 0.043333 0.296667 0.080000 0.206667
1 0.130000 0.200000 0.153333 0.253333
1 0.200000 0.191667 0.120000 0.256667
1 0.303333 0.290000 0.140000 0.193333
1 0.445000 0.238333 0.143333 0.230000
1 0.655000 0.255000 0.096667 0.256667
1 0.566667 0.255000 0.106667 0.156667
1 0.870000 0.495000 0.153333 0.136667
1 0.736667 0.125000 0.160000 0.243333
1 0.908333 0.246667 0.103333 0.233333
1 0.730000 0.450000 0.126667 0.153333
1 0.305000 0.106667 0.156667 0.206667
1 0.430000 0.075000 0.120000 0.143333
1 0.513333 0.098333 0.100000 0.190000
1 0.890000 0.065000 0.146667 0.123333
1 0.828333 0.215000 0.130000 0.223333
1 0.046667 0.120000 0.086667 0.233333
