1 0.150000 0.445000 0.206667 0.303333
1 0.191667 0.430000 0.176667 0.313333
1 0.043333 0.780000 0.080000 0.273333
1 0.151667 0.943333 0.170000 0.113333
1 0.330000 0.935000 0.213333 0.130000
1 0.501667 0.803333 0.230000 0.286667
1 0.720000 0.813333 0.233333 0.260000
1 0.920000 0.801667 0.153333 0.396667
1 0.638333 0.955000 0.190000 0.090000
1 0.241667 0.703333 0.176667 0.306667
1 0.825000 0.491667 0.216667 0.336667
1 0.881667 0.331667 0.223333 0.270000
1 0.601667 0.458333 0.190000 0.263333
1 0.590000 0.300000 0.200000 0.213333
1 0.386667 0.330000 0.220000 0.333333
1 0.090000 0.170000 0.173333 0.326667
1 0.295000 0.121667 0.170000 0.236667
1 0.225000 0.115000 0.110000 0.223333
1 0.471667 0.108333 0.223333 0.210000
1 0.636667 0.095000 0.126667 0.183333
1 0.728333 0.215000 0.183333 0.196667
1 0.925000 0.110000 0.150000 0.213333
1 0.711667 0.696667 0.216667 0.273333
