1 0.065000 0.680000 0.123333 0.306667
1 0.210000 0.491667 0.200000 0.270000
1 0.540000 0.571667 0.166667 0.283333
1 0.693333 0.598333 0.160000 0.270000
1 0.438333 0.478333 0.156667 0.316667
1 0.743333 0.340000 0.180000 0.320000
1 0.855000 0.533333 0.183333 0.306667
1 0.445000 0.298333 0.130000 0.150000
1 0.501667 0.150000 0.163333 0.293333
1 0.168333 0.060000 0.176667 0.113333
1 0.666667 0.113333 0.166667 0.220000
1 0.796667 0.198333 0.146667 0.250000
1 0.905000 0.366667 0.136667 0.233333
1 0.870000 0.190000 0.093333 0.206667
