1 0.035000 0.881667 0.063333 0.150000
1 0.170000 0.883333 0.100000 0.173333
1 0.261667 0.876667 0.096667 0.213333
1 0.146667 0.788333 0.120000 0.136667
1 0.126667 0.673333 0.080000 0.146667
1 0.065000 0.598333 0.090000 0.163333
1 0.426667 0.685000 0.126667 0.256667
1 0.600000 0.876667 0.100000 0.180000
1 0.571667 0.700000 0.116667 0.173333
1 0.676667 0.811667 0.093333 0.170000
1 0.688333 0.946667 0.116667 0.093333
1 0.758333 0.753333 0.096667 0.166667
1 0.848333 0.705000 0.090000 0.196667
1 0.953333 0.838333 0.093333 0.156667
1 0.950000 0.965000 0.100000 0.070000
1 0.878333 0.931667 0.090000 0.116667
1 0.746667 0.478333 0.086667 0.150000
1 0.870000 0.370000 0.100000 0.173333
1 0.966667 0.566667 0.066667 0.200000
1 0.901667 0.526667 0.083333 0.173333
1 0.825000 0.510000 0.076667 0.186667
1 0.653333 0.508333 0.100000 0.170000
1 0.601667 0.390000 0.096667 0.166667
1 0.710000 0.341667 0.093333 0.170000
1 0.745000 0.218333 0.076667 0.163333
1 0.818333 0.235000 0.090000 0.156667
1 0.890000 0.221667 0.073333 0.183333
1 0.921667 0.080000 0.090000 0.153333
1 0.823333 0.103333 0.080000 0.140000
1 0.760000 0.058333 0.086667 0.110000
1 0.695000 0.096667 0.083333 0.166667
1 0.605000 0.136667 0.096667 0.173333
1 0.523333 0.358333 0.073333 0.156667
1 0.465000 0.448333 0.096667 0.156667
1 0.553333 0.508333 0.086667 0.130000
1 0.516667 0.193333 0.086667 0.140000
1 0.543333 0.065000 0.080000 0.123333
1 0.410000 0.093333 0.066667 0.180000
1 0.435000 0.256667 0.076667 0.186667
1 0.383333 0.330000 0.073333 0.166667
1 0.218333 0.440000 0.083333 0.153333
1 0.280000 0.661667 0.073333 0.130000
1 0.176667 0.543333 0.080000 0.140000
1 0.146667 0.435000 0.080000 0.143333
1 0.115000 0.193333 0.063333 0.133333
1 0.096667 0.451667 0.073333 0.110000
1 0.308333 0.103333 0.063333 0.133333
1 0.360000 0.083333 0.046667 0.146667
1 0.478333 0.051667 0.063333 0.096667
