1 0.646667 0.706667 0.133333 0.133333
1 0.441667 0.668333 0.130000 0.103333
1 0.675000 0.563333 0.130000 0.133333
1 0.783333 0.548333 0.106667 0.096667
1 0.575000 0.263333 0.083333 0.086667
1 0.561667 0.540000 0.110000 0.120000
1 0.563333 0.613333 0.113333 0.106667
1 0.450000 0.528333 0.106667 0.110000
1 0.741667 0.636667 0.096667 0.080000
1 0.268333 0.570000 0.103333 0.106667
1 0.338333 0.570000 0.076667 0.113333
1 0.310000 0.488333 0.080000 0.070000
1 0.316667 0.406667 0.093333 0.100000
1 0.275000 0.346667 0.090000 0.080000
1 0.318333 0.285000 0.090000 0.083333
1 0.543333 0.663333 0.106667 0.106667
