1 0.103333 0.651667 0.200000 0.303333
1 0.086667 0.893333 0.166667 0.213333
1 0.253333 0.928333 0.226667 0.143333
1 0.466667 0.950000 0.186667 0.093333
1 0.723333 0.841667 0.193333 0.316667
1 0.406667 0.653333 0.260000 0.346667
1 0.281667 0.711667 0.183333 0.290000
1 0.496667 0.766667 0.200000 0.273333
1 0.635000 0.553333 0.190000 0.306667
1 0.835000 0.631667 0.236667 0.343333
1 0.913333 0.915000 0.173333 0.156667
1 0.850000 0.316667 0.286667 0.266667
1 0.520000 0.335000 0.260000 0.296667
1 0.276667 0.351667 0.226667 0.276667
1 0.256667 0.090000 0.233333 0.173333
1 0.541667 0.098333 0.296667 0.183333
1 0.900000 0.130000 0.193333 0.240000
1 0.088333 0.158333 0.170000 0.310000
1 0.053333 0.420000 0.100000 0.220000
1 0.183333 0.455000 0.173333 0.230000
1 0.650000 0.135000 0.146667 0.216667
1 0.401667 0.158333 0.130000 0.263333
