1 0.641667 0.870000 0.090000 0.113333
1 0.428333 0.810000 0.083333 0.106667
1 0.855000 0.946667 0.090000 0.100000
1 0.523333 0.738333 0.073333 0.090000
1 0.596667 0.720000 0.066667 0.093333
1 0.393333 0.605000 0.060000 0.076667
1 0.476667 0.630000 0.066667 0.080000
1 0.798333 0.856667 0.063333 0.106667
1 0.768333 0.801667 0.070000 0.110000
1 0.720000 0.746667 0.066667 0.093333
1 0.665000 0.708333 0.076667 0.096667
1 0.381667 0.498333 0.056667 0.070000
1 0.865000 0.580000 0.070000 0.080000
1 0.935000 0.553333 0.056667 0.073333
1 0.265000 0.468333 0.056667 0.070000
1 0.460000 0.498333 0.053333 0.063333
1 0.578333 0.571667 0.063333 0.076667
1 0.691667 0.598333 0.056667 0.076667
1 0.740000 0.580000 0.053333 0.080000
1 0.523333 0.516667 0.060000 0.073333
1 0.571667 0.401667 0.043333 0.063333
1 0.681667 0.418333 0.043333 0.056667
1 0.376667 0.401667 0.053333 0.056667
1 0.328333 0.341667 0.043333 0.050000
1 0.556667 0.306667 0.040000 0.046667
1 0.520000 0.301667 0.033333 0.050000
1 0.121667 0.323333 0.043333 0.053333
1 0.808333 0.491667 0.043333 0.070000
1 0.776667 0.680000 0.060000 0.086667
1 0.760000 0.495000 0.053333 0.070000
1 0.333333 0.486667 0.053333 0.060000
1 0.451667 0.568333 0.056667 0.070000
1 0.226667 0.438333 0.046667 0.063333
1 0.030000 0.230000 0.033333 0.040000
1 0.051667 0.286667 0.036667 0.040000
1 0.246667 0.320000 0.033333 0.046667
1 0.343333 0.181667 0.046667 0.050000
1 0.186667 0.330000 0.046667 0.046667
