1 0.276667 0.795000 0.133333 0.136667
1 0.246667 0.858333 0.133333 0.090000
1 0.436667 0.863333 0.133333 0.173333
1 0.366667 0.841667 0.080000 0.130000
1 0.573333 0.851667 0.140000 0.150000
1 0.745000 0.845000 0.143333 0.110000
1 0.758333 0.763333 0.130000 0.133333
1 0.635000 0.715000 0.136667 0.130000
1 0.536667 0.728333 0.066667 0.116667
1 0.461667 0.668333 0.136667 0.116667
1 0.385000 0.708333 0.123333 0.123333
1 0.280000 0.641667 0.160000 0.170000
1 0.201667 0.608333 0.103333 0.116667
1 0.176667 0.791667 0.093333 0.163333
1 0.828333 0.605000 0.090000 0.143333
1 0.745000 0.570000 0.083333 0.126667
1 0.678333 0.585000 0.136667 0.116667
1 0.641667 0.541667 0.116667 0.103333
1 0.516667 0.556667 0.133333 0.140000
1 0.368333 0.531667 0.156667 0.130000
1 0.346667 0.541667 0.113333 0.076667
1 0.440000 0.443333 0.133333 0.133333
1 0.223333 0.500000 0.113333 0.100000
1 0.191667 0.435000 0.136667 0.156667
1 0.263333 0.386667 0.106667 0.120000
1 0.366667 0.375000 0.146667 0.123333
1 0.553333 0.445000 0.106667 0.103333
1 0.675000 0.433333 0.130000 0.126667
1 0.801667 0.306667 0.116667 0.113333
1 0.688333 0.320000 0.130000 0.106667
1 0.653333 0.303333 0.100000 0.113333
1 0.610000 0.303333 0.086667 0.106667
1 0.515000 0.346667 0.136667 0.113333
1 0.206667 0.255000 0.133333 0.123333
1 0.251667 0.191667 0.096667 0.076667
1 0.320000 0.236667 0.106667 0.126667
1 0.496667 0.210000 0.120000 0.133333
1 0.771667 0.218333 0.130000 0.110000
1 0.640000 0.161667 0.140000 0.136667
1 0.698333 0.091667 0.116667 0.116667
1 0.781667 0.093333 0.103333 0.153333
1 0.578333 0.068333 0.096667 0.116667
1 0.476667 0.116667 0.120000 0.140000
1 0.390000 0.168333 0.100000 0.136667
1 0.351667 0.126667 0.103333 0.126667
1 0.220000 0.068333 0.126667 0.130000
