1 0.293333 0.518333 0.226667 0.150000
1 0.638333 0.525000 0.256667 0.210000
1 0.851667 0.645000 0.203333 0.230000
1 0.931667 0.688333 0.136667 0.176667
1 0.600000 0.326667 0.193333 0.173333
1 0.856667 0.480000 0.226667 0.133333
1 0.095000 0.573333 0.183333 0.180000
1 0.193333 0.683333 0.280000 0.193333
1 0.495000 0.690000 0.256667 0.173333
1 0.685000 0.691667 0.216667 0.176667
1 0.453333 0.640000 0.253333 0.200000
1 0.363333 0.323333 0.193333 0.166667
1 0.471667 0.416667 0.203333 0.126667
1 0.216667 0.355000 0.220000 0.183333
1 0.905000 0.293333 0.183333 0.153333
1 0.760000 0.400000 0.200000 0.126667
1 0.745000 0.278333 0.130000 0.116667
