1 0.080000 0.818333 0.153333 0.336667
1 0.268333 0.776667 0.243333 0.446667
1 0.650000 0.846667 0.220000 0.306667
1 0.836667 0.801667 0.206667 0.290000
1 0.590000 0.461667 0.233333 0.450000
1 0.348333 0.393333 0.223333 0.380000
1 0.768333 0.191667 0.196667 0.376667
1 0.653333 0.173333 0.126667 0.340000
1 0.466667 0.125000 0.200000 0.243333
1 0.238333 0.140000 0.243333 0.273333
1 0.053333 0.508333 0.100000 0.330000
1 0.423333 0.676667 0.206667 0.366667
1 0.843333 0.588333 0.186667 0.270000
1 0.911667 0.226667 0.163333 0.373333
