1 0.195000 0.823333 0.276667 0.353333
1 0.496667 0.840000 0.240000 0.320000
1 0.690000 0.840000 0.206667 0.320000
1 0.848333 0.751667 0.223333 0.390000
1 0.935000 0.836667 0.123333 0.326667
1 0.630000 0.531667 0.246667 0.350000
1 0.855000 0.458333 0.223333 0.236667
1 0.295000 0.530000 0.230000 0.266667
1 0.098333 0.631667 0.190000 0.323333
1 0.220000 0.246667 0.213333 0.320000
1 0.603333 0.191667 0.193333 0.330000
1 0.455000 0.351667 0.170000 0.236667
1 0.906667 0.141667 0.186667 0.250000
1 0.360000 0.181667 0.193333 0.316667
1 0.446667 0.761667 0.240000 0.383333
1 0.888333 0.841667 0.163333 0.316667
1 0.205000 0.408333 0.223333 0.170000
