1 0.045000 0.278333 0.083333 0.183333
1 0.105000 0.485000 0.123333 0.203333
1 0.245000 0.573333 0.136667 0.173333
1 0.353333 0.751667 0.146667 0.290000
1 0.491667 0.808333 0.136667 0.183333
1 0.515000 0.625000 0.136667 0.203333
1 0.400000 0.538333 0.146667 0.216667
1 0.470000 0.380000 0.140000 0.193333
1 0.716667 0.383333 0.120000 0.200000
1 0.685000 0.606667 0.136667 0.260000
1 0.860000 0.628333 0.140000 0.196667
1 0.850000 0.385000 0.146667 0.256667
1 0.890000 0.063333 0.126667 0.120000
1 0.906667 0.195000 0.133333 0.176667
1 0.963333 0.333333 0.073333 0.186667
1 0.950000 0.528333 0.100000 0.163333
