1 0.743333 0.835000 0.206667 0.223333
1 0.575000 0.891667 0.190000 0.176667
1 0.510000 0.900000 0.160000 0.200000
1 0.218333 0.861667 0.210000 0.163333
1 0.171667 0.725000 0.123333 0.170000
1 0.360000 0.691667 0.153333 0.123333
1 0.583333 0.681667 0.206667 0.236667
1 0.596667 0.740000 0.206667 0.180000
1 0.780000 0.636667 0.140000 0.173333
1 0.720000 0.611667 0.126667 0.190000
1 0.693333 0.513333 0.180000 0.106667
1 0.083333 0.663333 0.160000 0.180000
1 0.106667 0.536667 0.120000 0.140000
1 0.213333 0.590000 0.140000 0.106667
1 0.350000 0.585000 0.166667 0.110000
1 0.131667 0.418333 0.150000 0.150000
1 0.328333 0.411667 0.150000 0.183333
1 0.478333 0.511667 0.163333 0.130000
1 0.586667 0.406667 0.160000 0.153333
1 0.735000 0.376667 0.150000 0.126667
1 0.808333 0.460000 0.116667 0.133333
1 0.181667 0.376667 0.130000 0.113333
1 0.451667 0.383333 0.130000 0.093333
1 0.235000 0.503333 0.136667 0.086667
