1 0.428333 0.918333 0.116667 0.163333
1 0.530000 0.821667 0.120000 0.176667
1 0.621667 0.728333 0.116667 0.176667
1 0.708333 0.625000 0.110000 0.170000
1 0.800000 0.526667 0.113333 0.173333
1 0.886667 0.436667 0.113333 0.166667
1 0.360000 0.781667 0.126667 0.183333
1 0.461667 0.671667 0.116667 0.176667
1 0.551667 0.576667 0.110000 0.166667
1 0.645000 0.481667 0.110000 0.176667
1 0.731667 0.385000 0.110000 0.170000
1 0.818333 0.305000 0.110000 0.163333
1 0.295000 0.628333 0.123333 0.176667
1 0.396667 0.526667 0.113333 0.160000
1 0.486667 0.438333 0.120000 0.163333
1 0.578333 0.343333 0.110000 0.166667
1 0.666667 0.256667 0.106667 0.166667
1 0.750000 0.171667 0.106667 0.156667
1 0.226667 0.485000 0.120000 0.176667
1 0.325000 0.391667 0.123333 0.163333
1 0.426667 0.298333 0.106667 0.156667
1 0.515000 0.210000 0.116667 0.166667
1 0.600000 0.131667 0.106667 0.156667
1 0.691667 0.065000 0.116667 0.123333
1 0.540000 0.045000 0.106667 0.083333
1 0.453333 0.085000 0.106667 0.163333
1 0.363333 0.163333 0.106667 0.166667
1 0.268333 0.255000 0.116667 0.170000
1 0.173333 0.341667 0.120000 0.170000
