1 0.516667 0.218333 0.113333 0.143333
1 0.723333 0.488333 0.113333 0.096667
1 0.203333 0.546667 0.093333 0.106667
1 0.356667 0.571667 0.093333 0.130000
1 0.460000 0.576667 0.126667 0.166667
1 0.273333 0.398333 0.093333 0.096667
1 0.351667 0.415000 0.096667 0.116667
1 0.526667 0.455000 0.120000 0.156667
1 0.550000 0.331667 0.113333 0.143333
1 0.420000 0.328333 0.086667 0.130000
1 0.665000 0.383333 0.110000 0.146667
1 0.740000 0.360000 0.080000 0.126667
1 0.626667 0.585000 0.080000 0.130000
1 0.595000 0.463333 0.063333 0.140000
1 0.343333 0.311667 0.073333 0.116667
