1 0.501667 0.798333 0.230000 0.356667
1 0.648333 0.651667 0.196667 0.296667
1 0.771667 0.540000 0.183333 0.266667
1 0.871667 0.435000 0.170000 0.216667
1 0.933333 0.335000 0.133333 0.156667
1 0.320000 0.701667 0.213333 0.316667
1 0.163333 0.605000 0.200000 0.303333
1 0.063333 0.510000 0.120000 0.253333
1 0.468333 0.538333 0.190000 0.243333
1 0.313333 0.456667 0.180000 0.193333
1 0.593333 0.441667 0.180000 0.196667
1 0.696667 0.351667 0.153333 0.183333
1 0.441667 0.365000 0.170000 0.150000
1 0.308333 0.305000 0.150000 0.156667
1 0.166667 0.398333 0.160000 0.170000
1 0.063333 0.318333 0.120000 0.183333
