1 0.161667 0.918333 0.303333 0.163333
1 0.448333 0.938333 0.243333 0.123333
1 0.800000 0.978333 0.180000 0.043333
1 0.806667 0.765000 0.306667 0.430000
1 0.515000 0.758333 0.256667 0.396667
1 0.265000 0.723333 0.256667 0.433333
1 0.076667 0.683333 0.146667 0.393333
1 0.151667 0.455000 0.203333 0.270000
1 0.350000 0.468333 0.213333 0.296667
1 0.536667 0.476667 0.180000 0.326667
1 0.686667 0.355000 0.260000 0.523333
1 0.833333 0.473333 0.160000 0.286667
1 0.955000 0.516667 0.083333 0.313333
1 0.941667 0.248333 0.116667 0.310000
1 0.265000 0.203333 0.170000 0.306667
1 0.431667 0.225000 0.163333 0.303333
1 0.585000 0.193333 0.150000 0.240000
1 0.816667 0.211667 0.140000 0.263333
1 0.306667 0.078333 0.146667 0.150000
1 0.460000 0.076667 0.153333 0.146667
1 0.615000 0.056667 0.156667 0.106667
1 0.778333 0.076667 0.163333 0.140000
1 0.936667 0.085000 0.126667 0.163333
