1 0.163333 0.908333 0.246667 0.183333
1 0.361667 0.798333 0.256667 0.403333
1 0.138333 0.713333 0.203333 0.186667
1 0.168333 0.580000 0.243333 0.333333
1 0.120000 0.238333 0.233333 0.356667
1 0.330000 0.426667 0.240000 0.206667
1 0.330000 0.278333 0.226667 0.310000
1 0.486667 0.113333 0.240000 0.220000
1 0.563333 0.388333 0.240000 0.410000
1 0.363333 0.785000 0.260000 0.383333
1 0.615000 0.651667 0.203333 0.130000
1 0.603333 0.838333 0.226667 0.323333
1 0.841667 0.730000 0.243333 0.373333
1 0.795000 0.230000 0.256667 0.360000
1 0.936667 0.476667 0.126667 0.313333
1 0.783333 0.488333 0.186667 0.203333
1 0.745000 0.945000 0.196667 0.110000
