1 0.223333 0.841667 0.166667 0.316667
1 0.345000 0.805000 0.136667 0.323333
1 0.490000 0.883333 0.186667 0.233333
1 0.623333 0.750000 0.173333 0.326667
1 0.686667 0.945000 0.160000 0.110000
1 0.781667 0.820000 0.150000 0.306667
1 0.551667 0.621667 0.170000 0.303333
1 0.733333 0.521667 0.180000 0.303333
1 0.233333 0.526667 0.166667 0.313333
1 0.391667 0.495000 0.176667 0.343333
1 0.286667 0.243333 0.173333 0.293333
1 0.550000 0.303333 0.166667 0.313333
1 0.701667 0.225000 0.156667 0.310000
1 0.426667 0.203333 0.113333 0.300000
1 0.503333 0.141667 0.173333 0.276667
1 0.628333 0.055000 0.150000 0.103333
