1 0.685000 0.880000 0.230000 0.240000
1 0.176667 0.646667 0.160000 0.253333
1 0.326667 0.696667 0.160000 0.233333
1 0.503333 0.745000 0.173333 0.230000
1 0.693333 0.705000 0.200000 0.216667
1 0.913333 0.835000 0.173333 0.243333
1 0.280000 0.536667 0.126667 0.126667
1 0.403333 0.560000 0.133333 0.173333
1 0.546667 0.581667 0.140000 0.163333
1 0.701667 0.603333 0.150000 0.140000
1 0.905000 0.645000 0.190000 0.176667
1 0.338333 0.470000 0.096667 0.100000
1 0.460000 0.480000 0.106667 0.113333
1 0.583333 0.493333 0.120000 0.133333
1 0.721667 0.516667 0.136667 0.126667
1 0.878333 0.540000 0.170000 0.126667
1 0.376667 0.425000 0.093333 0.083333
1 0.488333 0.426667 0.103333 0.093333
1 0.613333 0.435000 0.086667 0.096667
1 0.725000 0.445000 0.110000 0.090000
1 0.865000 0.461667 0.130000 0.103333
1 0.738333 0.395000 0.103333 0.103333
1 0.625000 0.386667 0.096667 0.086667
1 0.528333 0.386667 0.083333 0.073333
1 0.420000 0.366667 0.086667 0.080000
1 0.858333 0.413333 0.103333 0.073333
