1 0.630000 0.925000 0.246667 0.143333
1 0.250000 0.825000 0.226667 0.236667
1 0.535000 0.658333 0.256667 0.296667
1 0.820000 0.733333 0.246667 0.233333
1 0.276667 0.450000 0.233333 0.180000
1 0.308333 0.595000 0.243333 0.230000
1 0.065000 0.765000 0.123333 0.216667
1 0.818333 0.460000 0.223333 0.200000
1 0.830000 0.530000 0.193333 0.146667
1 0.863333 0.200000 0.180000 0.220000
1 0.658333 0.225000 0.170000 0.190000
1 0.580000 0.178333 0.113333 0.170000
1 0.580000 0.061667 0.206667 0.116667
1 0.361667 0.085000 0.216667 0.163333
1 0.261667 0.278333 0.243333 0.223333
1 0.401667 0.290000 0.130000 0.186667
1 0.065000 0.370000 0.123333 0.166667
1 0.081667 0.280000 0.130000 0.153333
1 0.063333 0.211667 0.120000 0.150000
1 0.588333 0.486667 0.210000 0.140000
1 0.115000 0.673333 0.170000 0.213333
1 0.856667 0.943333 0.240000 0.113333
1 0.921667 0.833333 0.156667 0.173333
