1 0.315000 0.691667 0.163333 0.136667
1 0.533333 0.576667 0.153333 0.146667
1 0.690000 0.595000 0.153333 0.156667
1 0.795000 0.551667 0.116667 0.123333
1 0.763333 0.458333 0.146667 0.116667
1 0.410000 0.536667 0.133333 0.140000
1 0.290000 0.455000 0.126667 0.130000
1 0.296667 0.538333 0.100000 0.090000
1 0.648333 0.271667 0.150000 0.130000
1 0.780000 0.321667 0.120000 0.136667
1 0.658333 0.380000 0.136667 0.100000
1 0.528333 0.286667 0.143333 0.133333
1 0.486667 0.411667 0.140000 0.116667
1 0.418333 0.360000 0.136667 0.100000
1 0.238333 0.348333 0.136667 0.110000
1 0.198333 0.460000 0.096667 0.140000
