1 0.260000 0.861667 0.160000 0.216667
1 0.151667 0.493333 0.116667 0.220000
1 0.241667 0.486667 0.116667 0.213333
1 0.476667 0.683333 0.146667 0.233333
1 0.621667 0.705000 0.150000 0.256667
1 0.731667 0.638333 0.136667 0.196667
1 0.691667 0.490000 0.136667 0.193333
1 0.586667 0.183333 0.146667 0.193333
1 0.705000 0.278333 0.116667 0.183333
1 0.805000 0.263333 0.090000 0.180000
1 0.858333 0.443333 0.096667 0.206667
1 0.363333 0.336667 0.120000 0.173333
1 0.356667 0.615000 0.126667 0.223333
1 0.431667 0.420000 0.130000 0.186667
1 0.466667 0.221667 0.106667 0.223333
1 0.596667 0.363333 0.126667 0.173333
1 0.203333 0.281667 0.133333 0.210000
1 0.308333 0.248333 0.123333 0.170000
1 0.250000 0.628333 0.100000 0.123333
