1 0.111667 0.878333 0.116667 0.090000
1 0.036667 0.950000 0.066667 0.100000
1 0.348333 0.880000 0.143333 0.106667
1 0.518333 0.876667 0.136667 0.113333
1 0.436667 0.961667 0.133333 0.076667
1 0.778333 0.900000 0.130000 0.100000
1 0.885000 0.960000 0.123333 0.080000
1 0.963333 0.903333 0.073333 0.080000
1 0.766667 0.746667 0.126667 0.073333
1 0.821667 0.698333 0.156667 0.083333
1 0.916667 0.756667 0.140000 0.053333
1 0.950000 0.703333 0.100000 0.086667
1 0.393333 0.700000 0.133333 0.093333
1 0.526667 0.688333 0.120000 0.096667
1 0.470000 0.753333 0.160000 0.060000
1 0.125000 0.751667 0.123333 0.050000
1 0.058333 0.698333 0.110000 0.083333
1 0.461667 0.495000 0.103333 0.090000
1 0.320000 0.516667 0.086667 0.100000
1 0.415000 0.546667 0.150000 0.046667
1 0.575000 0.538333 0.110000 0.050000
1 0.705000 0.521667 0.096667 0.083333
1 0.815000 0.555000 0.123333 0.030000
1 0.905000 0.521667 0.096667 0.090000
1 0.881667 0.343333 0.096667 0.066667
1 0.453333 0.351667 0.100000 0.076667
1 0.331667 0.345000 0.083333 0.063333
1 0.176667 0.343333 0.093333 0.073333
1 0.095000 0.498333 0.123333 0.076667
1 0.111667 0.543333 0.143333 0.046667
1 0.206667 0.520000 0.093333 0.086667
1 0.026667 0.521667 0.046667 0.083333
1 0.536667 0.340000 0.080000 0.060000
1 0.843333 0.371667 0.093333 0.030000
1 0.745000 0.373333 0.083333 0.026667
1 0.583333 0.373333 0.100000 0.033333
1 0.411667 0.376667 0.090000 0.020000
1 0.091667 0.366667 0.090000 0.033333
1 0.076667 0.341667 0.126667 0.063333
1 0.025000 0.368333 0.043333 0.023333
