1 0.563333 0.860000 0.146667 0.273333
1 0.198333 0.778333 0.156667 0.256667
1 0.133333 0.926667 0.153333 0.146667
1 0.336667 0.891667 0.140000 0.216667
1 0.436667 0.711667 0.153333 0.270000
1 0.886667 0.810000 0.146667 0.200000
1 0.866667 0.555000 0.153333 0.263333
1 0.496667 0.405000 0.153333 0.270000
1 0.478333 0.528333 0.150000 0.183333
1 0.285000 0.411667 0.136667 0.230000
1 0.296667 0.625000 0.153333 0.223333
1 0.605000 0.653333 0.123333 0.186667
1 0.663333 0.811667 0.120000 0.256667
1 0.280000 0.916667 0.133333 0.166667
1 0.041667 0.703333 0.076667 0.193333
1 0.041667 0.918333 0.076667 0.156667
1 0.761667 0.920000 0.150000 0.160000
1 0.716667 0.610000 0.153333 0.240000
1 0.650000 0.453333 0.080000 0.186667
1 0.730000 0.450000 0.126667 0.166667
1 0.906667 0.250000 0.093333 0.253333
1 0.741667 0.125000 0.170000 0.243333
1 0.648333 0.245000 0.103333 0.243333
1 0.598333 0.396667 0.083333 0.220000
1 0.440000 0.238333 0.146667 0.236667
1 0.166667 0.440000 0.133333 0.253333
1 0.223333 0.516667 0.093333 0.200000
1 0.058333 0.500000 0.110000 0.213333
1 0.041667 0.288333 0.076667 0.190000
1 0.135000 0.196667 0.143333 0.253333
1 0.201667 0.190000 0.110000 0.260000
1 0.298333 0.290000 0.143333 0.206667
1 0.303333 0.103333 0.160000 0.200000
1 0.513333 0.103333 0.106667 0.200000
1 0.881667 0.061667 0.143333 0.116667
1 0.098333 0.636667 0.123333 0.253333
1 0.825000 0.206667 0.130000 0.246667
