1 0.295000 0.898333 0.250000 0.203333
1 0.538333 0.950000 0.236667 0.100000
1 0.836667 0.895000 0.313333 0.210000
1 0.943333 0.735000 0.113333 0.276667
1 0.673333 0.671667 0.313333 0.376667
1 0.363333 0.666667 0.240000 0.373333
1 0.130000 0.571667 0.226667 0.403333
1 0.491667 0.390000 0.276667 0.306667
1 0.825000 0.423333 0.230000 0.326667
1 0.526667 0.186667 0.286667 0.240000
1 0.095000 0.291667 0.183333 0.196667
1 0.236667 0.170000 0.213333 0.300000
1 0.955000 0.195000 0.090000 0.276667
1 0.295000 0.373333 0.170000 0.220000
1 0.560000 0.871667 0.240000 0.203333
