5 0.290000 0.263333 0.113333 0.126667
5 0.378333 0.281667 0.076667 0.130000
5 0.443333 0.296667 0.086667 0.120000
5 0.518333 0.305000 0.076667 0.143333
5 0.200000 0.251667 0.080000 0.156667
5 0.576667 0.318333 0.066667 0.150000
5 0.638333 0.336667 0.076667 0.133333
5 0.708333 0.311667 0.050000 0.150000
5 0.758333 0.306667 0.070000 0.100000
5 0.826667 0.266667 0.086667 0.140000
5 0.918333 0.210000 0.123333 0.213333
5 0.055000 0.231667 0.103333 0.450000
5 0.166667 0.365000 0.073333 0.123333
5 0.240000 0.383333 0.086667 0.126667
5 0.321667 0.396667 0.090000 0.126667
5 0.398333 0.405000 0.070000 0.116667
5 0.465000 0.411667 0.083333 0.116667
5 0.545000 0.426667 0.090000 0.113333
5 0.641667 0.438333 0.103333 0.116667
5 0.745000 0.418333 0.096667 0.116667
5 0.866667 0.386667 0.133333 0.146667
5 0.965000 0.341667 0.070000 0.216667
5 0.398333 0.518333 0.070000 0.123333
5 0.315000 0.503333 0.103333 0.120000
5 0.220000 0.495000 0.093333 0.136667
5 0.470000 0.518333 0.080000 0.110000
5 0.541667 0.530000 0.076667 0.120000
5 0.635000 0.541667 0.076667 0.103333
5 0.708333 0.540000 0.076667 0.113333
5 0.180000 0.616667 0.080000 0.146667
5 0.256667 0.615000 0.080000 0.143333
5 0.330000 0.621667 0.093333 0.130000
5 0.386667 0.623333 0.086667 0.120000
5 0.461667 0.621667 0.076667 0.116667
5 0.521667 0.628333 0.076667 0.123333
5 0.578333 0.648333 0.076667 0.136667
5 0.233333 0.736667 0.093333 0.126667
5 0.315000 0.736667 0.076667 0.120000
5 0.388333 0.736667 0.070000 0.126667
5 0.456667 0.738333 0.073333 0.116667
5 0.513333 0.736667 0.060000 0.120000
5 0.580000 0.736667 0.093333 0.113333
5 0.875000 0.506667 0.103333 0.140000
5 0.871667 0.650000 0.096667 0.140000
5 0.771667 0.760000 0.076667 0.126667
5 0.958333 0.658333 0.083333 0.170000
5 0.770000 0.650000 0.073333 0.133333
5 0.683333 0.741667 0.086667 0.103333
