5 0.458333 0.118333 0.103333 0.176667
5 0.445000 0.280000 0.130000 0.200000
5 0.586667 0.295000 0.113333 0.223333
5 0.585000 0.496667 0.123333 0.213333
5 0.691667 0.383333 0.110000 0.120000
5 0.690000 0.526667 0.100000 0.206667
5 0.776667 0.693333 0.080000 0.226667
5 0.693333 0.668333 0.106667 0.136667
5 0.696667 0.795000 0.140000 0.190000
5 0.580000 0.680000 0.126667 0.233333
5 0.535000 0.766667 0.176667 0.286667
5 0.371667 0.771667 0.116667 0.156667
5 0.406667 0.685000 0.100000 0.223333
5 0.230000 0.695000 0.106667 0.263333
5 0.230000 0.510000 0.106667 0.140000
5 0.331667 0.476667 0.130000 0.213333
5 0.491667 0.488333 0.083333 0.216667
5 0.450000 0.460000 0.120000 0.200000
5 0.348333 0.671667 0.130000 0.210000
