5 0.298333 0.223333 0.330000 0.253333
5 0.586667 0.236667 0.213333 0.180000
5 0.263333 0.436667 0.266667 0.206667
5 0.413333 0.590000 0.213333 0.186667
5 0.585000 0.418333 0.276667 0.210000
5 0.810000 0.451667 0.200000 0.190000
5 0.783333 0.613333 0.280000 0.173333
5 0.611667 0.581667 0.196667 0.156667
5 0.586667 0.708333 0.160000 0.130000
5 0.260000 0.613333 0.113333 0.133333
5 0.178333 0.598333 0.143333 0.163333
5 0.155000 0.753333 0.276667 0.186667
5 0.351667 0.821667 0.183333 0.316667
5 0.558333 0.870000 0.256667 0.246667
5 0.828333 0.831667 0.336667 0.323333
5 0.140000 0.903333 0.273333 0.180000
