5 0.336667 0.286667 0.293333 0.206667
5 0.446667 0.278333 0.306667 0.203333
5 0.548333 0.265000 0.316667 0.196667
5 0.650000 0.250000 0.320000 0.200000
5 0.286667 0.391667 0.286667 0.230000
5 0.235000 0.493333 0.283333 0.246667
5 0.185000 0.593333 0.270000 0.266667
5 0.131667 0.698333 0.256667 0.283333
5 0.950000 0.636667 0.100000 0.120000
5 0.855000 0.653333 0.110000 0.113333
5 0.753333 0.673333 0.106667 0.120000
5 0.650000 0.690000 0.113333 0.120000
5 0.545000 0.711667 0.110000 0.123333
5 0.435000 0.728333 0.116667 0.123333
5 0.321667 0.751667 0.116667 0.123333
5 0.376667 0.640000 0.120000 0.120000
5 0.488333 0.623333 0.110000 0.120000
5 0.600000 0.603333 0.113333 0.126667
5 0.705000 0.585000 0.103333 0.110000
5 0.805000 0.568333 0.110000 0.116667
5 0.900000 0.550000 0.106667 0.126667
5 0.431667 0.530000 0.123333 0.120000
5 0.541667 0.515000 0.116667 0.116667
5 0.650000 0.498333 0.113333 0.123333
5 0.756667 0.481667 0.113333 0.130000
5 0.853333 0.466667 0.106667 0.120000
5 0.483333 0.421667 0.120000 0.123333
5 0.596667 0.408333 0.113333 0.123333
5 0.705000 0.395000 0.110000 0.130000
5 0.808333 0.380000 0.116667 0.126667
5 0.501667 0.503333 0.996667 0.693333
