5 0.756667 0.731667 0.273333 0.263333
5 0.465000 0.455000 0.163333 0.383333
5 0.321667 0.075000 0.190000 0.143333
5 0.308333 0.323333 0.163333 0.366667
5 0.151667 0.316667 0.156667 0.366667
5 0.508333 0.748333 0.250000 0.223333
5 0.305000 0.683333 0.156667 0.360000
5 0.153333 0.680000 0.160000 0.366667
5 0.040000 0.673333 0.073333 0.360000
5 0.040000 0.928333 0.066667 0.130000
5 0.151667 0.930000 0.150000 0.140000
5 0.308333 0.923333 0.156667 0.126667
5 0.461667 0.926667 0.156667 0.133333
5 0.613333 0.933333 0.153333 0.120000
5 0.771667 0.925000 0.156667 0.130000
5 0.921667 0.930000 0.150000 0.133333
