5 0.368333 0.133333 0.143333 0.180000
5 0.300000 0.245000 0.133333 0.170000
5 0.261667 0.340000 0.130000 0.166667
5 0.213333 0.455000 0.166667 0.216667
5 0.141667 0.575000 0.150000 0.223333
5 0.523333 0.225000 0.080000 0.110000
5 0.485000 0.318333 0.076667 0.096667
5 0.563333 0.321667 0.093333 0.110000
5 0.763333 0.240000 0.100000 0.120000
5 0.750000 0.338333 0.100000 0.110000
5 0.761667 0.436667 0.103333 0.113333
5 0.756667 0.541667 0.106667 0.136667
5 0.743333 0.720000 0.093333 0.166667
5 0.525000 0.736667 0.150000 0.206667
5 0.893333 0.630000 0.093333 0.120000
5 0.888333 0.540000 0.076667 0.106667
5 0.830000 0.530000 0.053333 0.100000
5 0.686667 0.583333 0.093333 0.146667
5 0.496667 0.433333 0.133333 0.160000
5 0.601667 0.430000 0.083333 0.133333
5 0.460000 0.560000 0.113333 0.166667
5 0.560000 0.550000 0.106667 0.140000
5 0.660000 0.541667 0.093333 0.143333
