5 0.515000 0.175000 0.830000 0.343333
5 0.126667 0.468333 0.220000 0.070000
5 0.380000 0.468333 0.206667 0.090000
5 0.621667 0.468333 0.230000 0.083333
5 0.876667 0.468333 0.200000 0.090000
5 0.125000 0.563333 0.203333 0.086667
5 0.376667 0.563333 0.213333 0.080000
5 0.618333 0.566667 0.196667 0.093333
5 0.885000 0.568333 0.190000 0.090000
5 0.131667 0.665000 0.203333 0.083333
5 0.375000 0.663333 0.250000 0.086667
5 0.636667 0.665000 0.213333 0.096667
5 0.876667 0.665000 0.213333 0.076667
5 0.131667 0.761667 0.210000 0.083333
5 0.376667 0.763333 0.213333 0.100000
5 0.625000 0.763333 0.236667 0.073333
5 0.880000 0.760000 0.206667 0.100000
5 0.126667 0.855000 0.220000 0.090000
5 0.370000 0.855000 0.226667 0.083333
5 0.625000 0.858333 0.223333 0.090000
5 0.878333 0.861667 0.210000 0.090000
5 0.878333 0.950000 0.216667 0.086667
5 0.625000 0.950000 0.216667 0.093333
5 0.375000 0.945000 0.216667 0.096667
5 0.128333 0.950000 0.216667 0.080000
