3 0.498333 0.851667 0.316667 0.296667
3 0.808333 0.896667 0.343333 0.206667
3 0.230000 0.780000 0.286667 0.306667
3 0.066667 0.675000 0.126667 0.230000
3 0.868333 0.818333 0.263333 0.356667
3 0.611667 0.721667 0.263333 0.303333
3 0.378333 0.628333 0.230000 0.236667
3 0.166667 0.560000 0.213333 0.193333
3 0.698333 0.600000 0.230000 0.253333
3 0.901667 0.610000 0.196667 0.173333
3 0.488333 0.523333 0.196667 0.193333
3 0.295000 0.466667 0.183333 0.153333
3 0.336667 0.943333 0.333333 0.113333
3 0.103333 0.888333 0.200000 0.216667
3 0.125000 0.418333 0.170000 0.123333
3 0.935000 0.496667 0.130000 0.113333
3 0.760000 0.501667 0.200000 0.210000
3 0.563333 0.453333 0.173333 0.180000
