6 0.221667 0.168333 0.190000 0.223333
6 0.428333 0.163333 0.210000 0.213333
6 0.223333 0.405000 0.193333 0.256667
6 0.433333 0.400000 0.220000 0.273333
6 0.220000 0.676667 0.193333 0.286667
6 0.438333 0.683333 0.236667 0.300000
6 0.616667 0.168333 0.200000 0.223333
6 0.640000 0.403333 0.200000 0.253333
6 0.661667 0.678333 0.210000 0.290000
6 0.793333 0.151667 0.160000 0.210000
6 0.806667 0.385000 0.133333 0.250000
6 0.813333 0.668333 0.120000 0.290000
6 0.673333 0.913333 0.220000 0.173333
6 0.433333 0.913333 0.253333 0.173333
