3 0.056667 0.086667 0.086667 0.166667
3 0.143333 0.086667 0.086667 0.166667
3 0.226667 0.086667 0.080000 0.166667
3 0.313333 0.085000 0.073333 0.163333
3 0.395000 0.088333 0.076667 0.170000
3 0.475000 0.088333 0.076667 0.170000
3 0.558333 0.088333 0.083333 0.170000
3 0.688333 0.090000 0.070000 0.173333
3 0.765000 0.088333 0.070000 0.170000
3 0.828333 0.088333 0.063333 0.170000
3 0.778333 0.835000 0.083333 0.283333
3 0.700000 0.836667 0.073333 0.273333
3 0.630000 0.830000 0.066667 0.286667
3 0.561667 0.833333 0.070000 0.280000
3 0.490000 0.833333 0.066667 0.273333
3 0.421667 0.833333 0.070000 0.273333
3 0.336667 0.833333 0.073333 0.273333
3 0.263333 0.838333 0.073333 0.263333
3 0.190000 0.836667 0.066667 0.266667
3 0.121667 0.831667 0.076667 0.270000
3 0.043333 0.833333 0.080000 0.266667
3 0.948333 0.843333 0.083333 0.260000
3 0.046667 0.463333 0.080000 0.266667
3 0.121667 0.466667 0.076667 0.266667
3 0.200000 0.458333 0.086667 0.283333
3 0.283333 0.458333 0.080000 0.276667
3 0.363333 0.458333 0.080000 0.283333
3 0.465000 0.460000 0.083333 0.280000
3 0.551667 0.465000 0.083333 0.270000
3 0.633333 0.465000 0.080000 0.270000
3 0.713333 0.465000 0.080000 0.270000
3 0.790000 0.470000 0.073333 0.266667
3 0.858333 0.473333 0.063333 0.260000
3 0.930000 0.466667 0.073333 0.253333
