3 0.060000 0.111667 0.086667 0.216667
3 0.063333 0.340000 0.086667 0.240000
3 0.233333 0.340000 0.086667 0.240000
3 0.140000 0.336667 0.086667 0.240000
3 0.323333 0.340000 0.086667 0.240000
3 0.410000 0.340000 0.086667 0.240000
3 0.496667 0.343333 0.086667 0.240000
3 0.586667 0.340000 0.086667 0.240000
3 0.670000 0.336667 0.086667 0.240000
3 0.760000 0.340000 0.086667 0.240000
3 0.850000 0.340000 0.086667 0.240000
3 0.146667 0.111667 0.086667 0.216667
3 0.236667 0.111667 0.086667 0.216667
3 0.323333 0.111667 0.086667 0.216667
3 0.413333 0.111667 0.086667 0.216667
3 0.496667 0.111667 0.086667 0.216667
3 0.583333 0.111667 0.086667 0.216667
3 0.673333 0.111667 0.086667 0.216667
3 0.760000 0.111667 0.086667 0.216667
3 0.850000 0.111667 0.086667 0.216667
3 0.495000 0.721667 0.090000 0.250000
3 0.585000 0.721667 0.090000 0.250000
3 0.671667 0.725000 0.090000 0.250000
3 0.758333 0.725000 0.090000 0.250000
3 0.845000 0.721667 0.090000 0.250000
3 0.496667 0.923333 0.086667 0.153333
3 0.583333 0.923333 0.086667 0.153333
3 0.668333 0.923333 0.083333 0.153333
3 0.755000 0.925000 0.090000 0.150000
3 0.843333 0.925000 0.086667 0.150000
3 0.930000 0.721667 0.086667 0.250000
3 0.930000 0.923333 0.086667 0.153333
11 0.376667 0.668333 0.040000 0.050000
