6 0.291667 0.450000 0.183333 0.240000
6 0.128333 0.865000 0.143333 0.103333
6 0.126667 0.688333 0.140000 0.250000
6 0.138333 0.453333 0.130000 0.233333
6 0.135000 0.218333 0.123333 0.223333
6 0.290000 0.218333 0.173333 0.230000
6 0.586667 0.606667 0.180000 0.206667
6 0.886667 0.556667 0.220000 0.260000
6 0.855000 0.296667 0.196667 0.226667
6 0.840000 0.091667 0.180000 0.176667
6 0.585000 0.403333 0.183333 0.200000
6 0.575000 0.206667 0.176667 0.193333
6 0.763333 0.811667 0.180000 0.210000
6 0.388333 0.646667 0.176667 0.220000
6 0.396667 0.838333 0.193333 0.170000
