3 0.083333 0.150000 0.160000 0.293333
3 0.081667 0.768333 0.156667 0.296667
3 0.241667 0.770000 0.156667 0.313333
3 0.413333 0.770000 0.166667 0.313333
3 0.580000 0.770000 0.166667 0.313333
3 0.750000 0.766667 0.166667 0.313333
3 0.916667 0.766667 0.166667 0.313333
3 0.085000 0.456667 0.163333 0.313333
3 0.241667 0.455000 0.170000 0.323333
3 0.411667 0.465000 0.170000 0.323333
3 0.585000 0.468333 0.170000 0.323333
3 0.751667 0.458333 0.170000 0.323333
3 0.920000 0.458333 0.160000 0.323333
3 0.243333 0.151667 0.166667 0.296667
3 0.413333 0.151667 0.166667 0.296667
3 0.580000 0.151667 0.166667 0.296667
3 0.753333 0.151667 0.166667 0.296667
3 0.918333 0.150000 0.163333 0.293333
