3 0.381667 0.900000 0.383333 0.200000
3 0.775000 0.801667 0.390000 0.396667
3 0.271667 0.751667 0.336667 0.476667
3 0.581667 0.633333 0.303333 0.493333
3 0.811667 0.445000 0.283333 0.356667
3 0.926667 0.715000 0.146667 0.563333
3 0.186667 0.541667 0.273333 0.416667
3 0.436667 0.410000 0.233333 0.340000
3 0.646667 0.280000 0.206667 0.260000
3 0.830000 0.185000 0.200000 0.203333
3 0.136667 0.361667 0.233333 0.310000
3 0.346667 0.260000 0.200000 0.260000
3 0.531667 0.156667 0.176667 0.193333
3 0.705000 0.090000 0.170000 0.166667
