1 0.896667 0.773333 0.206667 0.426667
1 0.718333 0.870000 0.216667 0.260000
1 0.403333 0.810000 0.206667 0.380000
1 0.201667 0.911667 0.203333 0.176667
1 0.103333 0.753333 0.200000 0.493333
1 0.286667 0.571667 0.200000 0.510000
1 0.771667 0.515000 0.183333 0.503333
1 0.920000 0.345000 0.160000 0.463333
1 0.648333 0.223333 0.176667 0.380000
1 0.805000 0.156667 0.176667 0.306667
1 0.365000 0.176667 0.183333 0.346667
1 0.195000 0.320000 0.190000 0.473333
1 0.056667 0.423333 0.106667 0.393333
1 0.108333 0.160000 0.190000 0.313333
