1 0.156667 0.756667 0.126667 0.253333
1 0.316667 0.681667 0.133333 0.216667
1 0.473333 0.813333 0.140000 0.253333
1 0.588333 0.686667 0.123333 0.240000
1 0.770000 0.761667 0.146667 0.290000
1 0.798333 0.540000 0.136667 0.253333
1 0.771667 0.340000 0.116667 0.213333
1 0.580000 0.466667 0.126667 0.226667
1 0.413333 0.481667 0.126667 0.223333
1 0.248333 0.541667 0.123333 0.223333
1 0.308333 0.405000 0.123333 0.176667
1 0.236667 0.311667 0.113333 0.176667
1 0.423333 0.303333 0.113333 0.153333
1 0.703333 0.140000 0.113333 0.206667
1 0.585000 0.223333 0.103333 0.153333
1 0.503333 0.131667 0.093333 0.143333
1 0.380000 0.160000 0.113333 0.200000
1 0.446667 0.033333 0.093333 0.060000
1 0.635000 0.038333 0.083333 0.070000
1 0.750000 0.051667 0.100000 0.096667
