1 0.110000 0.926667 0.100000 0.120000
1 0.241667 0.953333 0.076667 0.093333
1 0.058333 0.848333 0.083333 0.136667
1 0.946667 0.823333 0.073333 0.146667
1 0.336667 0.656667 0.066667 0.120000
1 0.343333 0.765000 0.086667 0.116667
1 0.408333 0.748333 0.076667 0.116667
1 0.726667 0.613333 0.093333 0.126667
1 0.858333 0.796667 0.096667 0.106667
1 0.933333 0.940000 0.073333 0.100000
1 0.411667 0.945000 0.070000 0.110000
1 0.306667 0.863333 0.073333 0.106667
1 0.240000 0.823333 0.073333 0.120000
1 0.028333 0.941667 0.050000 0.116667
1 0.036667 0.698333 0.066667 0.116667
1 0.173333 0.683333 0.093333 0.113333
1 0.261667 0.651667 0.096667 0.116667
1 0.323333 0.571667 0.080000 0.096667
1 0.541667 0.885000 0.076667 0.116667
1 0.520000 0.785000 0.073333 0.103333
1 0.441667 0.820000 0.083333 0.113333
1 0.723333 0.900000 0.073333 0.106667
1 0.640000 0.740000 0.073333 0.106667
1 0.478333 0.658333 0.076667 0.116667
1 0.493333 0.598333 0.080000 0.110000
1 0.583333 0.531667 0.060000 0.096667
1 0.538333 0.543333 0.070000 0.113333
1 0.093333 0.635000 0.080000 0.136667
1 0.836667 0.531667 0.080000 0.143333
1 0.686667 0.540000 0.080000 0.126667
1 0.370000 0.493333 0.080000 0.113333
1 0.266667 0.478333 0.066667 0.116667
1 0.195000 0.461667 0.076667 0.116667
1 0.125000 0.491667 0.076667 0.110000
1 0.583333 0.448333 0.093333 0.103333
1 0.498333 0.445000 0.076667 0.123333
1 0.731667 0.406667 0.083333 0.113333
1 0.458333 0.346667 0.083333 0.113333
1 0.640000 0.311667 0.086667 0.123333
1 0.648333 0.183333 0.083333 0.120000
1 0.953333 0.223333 0.080000 0.140000
1 0.970000 0.096667 0.060000 0.133333
1 0.906667 0.116667 0.073333 0.120000
1 0.860000 0.115000 0.053333 0.123333
1 0.470000 0.208333 0.100000 0.123333
1 0.543333 0.243333 0.086667 0.126667
1 0.356667 0.251667 0.080000 0.123333
1 0.375000 0.168333 0.083333 0.116667
1 0.283333 0.141667 0.086667 0.103333
1 0.211667 0.230000 0.083333 0.126667
1 0.075000 0.345000 0.076667 0.110000
1 0.043333 0.208333 0.080000 0.143333
1 0.173333 0.135000 0.086667 0.136667
1 0.281667 0.048333 0.076667 0.090000
1 0.063333 0.053333 0.073333 0.100000
1 0.130000 0.050000 0.080000 0.093333
1 0.775000 0.071667 0.070000 0.116667
1 0.825000 0.035000 0.076667 0.063333
1 0.718333 0.040000 0.070000 0.073333
1 0.551667 0.131667 0.076667 0.116667
1 0.460000 0.076667 0.066667 0.126667
1 0.535000 0.043333 0.076667 0.080000
1 0.931667 0.031667 0.090000 0.056667
1 0.328333 0.415000 0.083333 0.123333
1 0.236667 0.346667 0.080000 0.120000
1 0.115000 0.270000 0.083333 0.100000
1 0.090000 0.135000 0.086667 0.103333
1 0.191667 0.888333 0.076667 0.103333
1 0.956667 0.633333 0.066667 0.113333
1 0.980000 0.490000 0.040000 0.100000
1 0.958333 0.398333 0.056667 0.110000
