1 0.168333 0.715000 0.176667 0.210000
1 0.371667 0.715000 0.143333 0.196667
1 0.651667 0.696667 0.123333 0.153333
1 0.861667 0.673333 0.136667 0.173333
1 0.950000 0.668333 0.100000 0.156667
1 0.758333 0.510000 0.143333 0.180000
1 0.901667 0.466667 0.143333 0.173333
1 0.436667 0.563333 0.126667 0.186667
1 0.328333 0.428333 0.130000 0.156667
1 0.180000 0.510000 0.126667 0.140000
1 0.435000 0.248333 0.130000 0.163333
1 0.758333 0.361667 0.136667 0.136667
1 0.565000 0.085000 0.090000 0.103333
1 0.230000 0.378333 0.113333 0.130000
1 0.335000 0.301667 0.123333 0.090000
1 0.095000 0.398333 0.143333 0.190000
1 0.065000 0.256667 0.123333 0.126667
1 0.303333 0.180000 0.120000 0.120000
1 0.145000 0.198333 0.116667 0.143333
1 0.813333 0.166667 0.100000 0.133333
1 0.528333 0.621667 0.130000 0.176667
1 0.578333 0.466667 0.116667 0.140000
1 0.780000 0.678333 0.133333 0.116667
1 0.061667 0.640000 0.116667 0.160000
1 0.608333 0.320000 0.110000 0.140000
1 0.885000 0.306667 0.090000 0.126667
1 0.791667 0.288333 0.110000 0.123333
1 0.428333 0.140000 0.103333 0.093333
1 0.173333 0.041667 0.106667 0.076667
