1 0.768333 0.221667 0.156667 0.236667
1 0.920000 0.293333 0.160000 0.233333
1 0.870000 0.591667 0.160000 0.216667
1 0.673333 0.580000 0.180000 0.240000
1 0.820000 0.523333 0.146667 0.233333
1 0.940000 0.686667 0.113333 0.240000
1 0.770000 0.756667 0.180000 0.246667
1 0.806667 0.931667 0.166667 0.130000
1 0.483333 0.951667 0.160000 0.090000
1 0.338333 0.946667 0.136667 0.100000
1 0.188333 0.853333 0.130000 0.193333
1 0.325000 0.788333 0.156667 0.243333
1 0.471667 0.433333 0.136667 0.220000
1 0.538333 0.453333 0.130000 0.200000
1 0.648333 0.320000 0.143333 0.233333
1 0.370000 0.391667 0.140000 0.223333
1 0.146667 0.425000 0.133333 0.223333
1 0.265000 0.683333 0.116667 0.220000
1 0.391667 0.615000 0.143333 0.196667
1 0.501667 0.826667 0.183333 0.220000
1 0.145000 0.680000 0.136667 0.166667
1 0.036667 0.456667 0.066667 0.206667
1 0.268333 0.215000 0.136667 0.196667
1 0.388333 0.133333 0.130000 0.200000
1 0.511667 0.130000 0.116667 0.206667
1 0.546667 0.150000 0.113333 0.220000
1 0.140000 0.230000 0.133333 0.153333
1 0.628333 0.800000 0.123333 0.226667
