1 0.291667 0.928333 0.190000 0.136667
1 0.115000 0.906667 0.176667 0.186667
1 0.213333 0.745000 0.180000 0.263333
1 0.385000 0.815000 0.156667 0.210000
1 0.088333 0.616667 0.170000 0.280000
1 0.036667 0.695000 0.060000 0.243333
1 0.108333 0.503333 0.150000 0.106667
1 0.235000 0.470000 0.123333 0.246667
1 0.105000 0.311667 0.176667 0.250000
1 0.143333 0.280000 0.146667 0.226667
1 0.318333 0.213333 0.163333 0.213333
1 0.305000 0.108333 0.136667 0.090000
1 0.160000 0.063333 0.166667 0.120000
1 0.045000 0.081667 0.083333 0.156667
1 0.473333 0.083333 0.200000 0.160000
