1 0.205000 0.911667 0.143333 0.176667
1 0.305000 0.936667 0.083333 0.126667
1 0.495000 0.905000 0.136667 0.190000
1 0.621667 0.948333 0.143333 0.103333
1 0.775000 0.958333 0.123333 0.083333
1 0.905000 0.936667 0.123333 0.126667
1 0.816667 0.831667 0.146667 0.176667
1 0.898333 0.711667 0.116667 0.190000
1 0.960000 0.760000 0.080000 0.173333
1 0.300000 0.776667 0.140000 0.220000
1 0.105000 0.816667 0.136667 0.213333
1 0.030000 0.728333 0.053333 0.216667
1 0.055000 0.511667 0.103333 0.216667
1 0.090000 0.291667 0.133333 0.203333
1 0.030000 0.306667 0.053333 0.206667
1 0.088333 0.098333 0.156667 0.190000
1 0.228333 0.190000 0.150000 0.220000
1 0.180000 0.386667 0.126667 0.166667
1 0.268333 0.470000 0.136667 0.213333
1 0.318333 0.510000 0.143333 0.166667
1 0.133333 0.636667 0.120000 0.166667
1 0.238333 0.691667 0.110000 0.143333
1 0.335000 0.641667 0.136667 0.170000
1 0.405000 0.905000 0.103333 0.190000
1 0.460000 0.736667 0.140000 0.166667
1 0.606667 0.736667 0.146667 0.180000
1 0.473333 0.640000 0.126667 0.146667
1 0.466667 0.551667 0.133333 0.196667
1 0.478333 0.421667 0.143333 0.196667
1 0.350000 0.326667 0.120000 0.166667
1 0.371667 0.283333 0.136667 0.153333
1 0.385000 0.226667 0.123333 0.126667
1 0.213333 0.041667 0.133333 0.076667
1 0.326667 0.066667 0.106667 0.126667
1 0.401667 0.081667 0.123333 0.156667
1 0.530000 0.250000 0.133333 0.200000
1 0.608333 0.375000 0.110000 0.163333
1 0.621667 0.098333 0.136667 0.190000
1 0.758333 0.220000 0.156667 0.233333
1 0.728333 0.055000 0.156667 0.103333
1 0.718333 0.323333 0.123333 0.173333
1 0.715000 0.510000 0.130000 0.200000
1 0.588333 0.540000 0.103333 0.160000
1 0.625000 0.586667 0.143333 0.226667
1 0.746667 0.666667 0.140000 0.126667
1 0.843333 0.560000 0.146667 0.213333
1 0.965000 0.543333 0.070000 0.206667
1 0.830000 0.373333 0.120000 0.180000
1 0.930000 0.163333 0.140000 0.213333
1 0.945000 0.353333 0.110000 0.186667
