1 0.890000 0.718333 0.180000 0.270000
1 0.733333 0.825000 0.193333 0.263333
1 0.755000 0.570000 0.170000 0.253333
1 0.833333 0.435000 0.173333 0.250000
1 0.658333 0.301667 0.163333 0.290000
1 0.598333 0.468333 0.163333 0.223333
1 0.610000 0.668333 0.180000 0.230000
1 0.445000 0.738333 0.183333 0.250000
1 0.266667 0.751667 0.186667 0.283333
1 0.376667 0.545000 0.193333 0.236667
1 0.420000 0.463333 0.160000 0.220000
1 0.155000 0.330000 0.150000 0.160000
1 0.230000 0.451667 0.153333 0.196667
1 0.261667 0.568333 0.190000 0.163333
1 0.071667 0.686667 0.136667 0.240000
1 0.080000 0.478333 0.153333 0.263333
