1 0.845000 0.483333 0.210000 0.206667
1 0.778333 0.693333 0.170000 0.206667
1 0.645000 0.810000 0.163333 0.226667
1 0.438333 0.801667 0.230000 0.183333
1 0.143333 0.658333 0.173333 0.176667
1 0.311667 0.625000 0.190000 0.176667
1 0.195000 0.448333 0.183333 0.156667
1 0.433333 0.428333 0.186667 0.183333
1 0.606667 0.415000 0.160000 0.170000
1 0.675000 0.580000 0.116667 0.173333
1 0.266667 0.218333 0.213333 0.156667
1 0.435000 0.265000 0.196667 0.156667
1 0.198333 0.340000 0.183333 0.126667
1 0.650000 0.250000 0.180000 0.166667
1 0.448333 0.133333 0.156667 0.140000
1 0.598333 0.148333 0.156667 0.136667
1 0.813333 0.285000 0.160000 0.143333
1 0.461667 0.643333 0.156667 0.146667
1 0.263333 0.795000 0.146667 0.216667
1 0.570000 0.568333 0.206667 0.156667
1 0.830000 0.361667 0.160000 0.090000
1 0.165000 0.533333 0.156667 0.126667
1 0.356667 0.341667 0.113333 0.123333
