1 0.805000 0.778333 0.183333 0.276667
1 0.846667 0.946667 0.180000 0.106667
1 0.598333 0.928333 0.190000 0.143333
1 0.381667 0.923333 0.196667 0.153333
1 0.151667 0.938333 0.183333 0.123333
1 0.396667 0.753333 0.186667 0.240000
1 0.595000 0.776667 0.183333 0.226667
1 0.175000 0.748333 0.196667 0.283333
1 0.048333 0.401667 0.090000 0.143333
1 0.206667 0.405000 0.173333 0.156667
1 0.391667 0.411667 0.163333 0.130000
1 0.586667 0.390000 0.173333 0.166667
1 0.781667 0.383333 0.176667 0.193333
1 0.946667 0.403333 0.106667 0.146667
1 0.935000 0.270000 0.130000 0.160000
1 0.773333 0.261667 0.160000 0.156667
1 0.586667 0.266667 0.160000 0.166667
1 0.398333 0.268333 0.170000 0.203333
1 0.223333 0.265000 0.160000 0.176667
1 0.058333 0.283333 0.110000 0.153333
1 0.073333 0.110000 0.140000 0.213333
1 0.238333 0.056667 0.143333 0.106667
1 0.416667 0.056667 0.153333 0.106667
1 0.586667 0.060000 0.140000 0.113333
1 0.751667 0.060000 0.156667 0.113333
1 0.920000 0.103333 0.146667 0.200000
