1 0.658333 0.395000 0.116667 0.236667
1 0.750000 0.348333 0.120000 0.223333
1 0.151667 0.815000 0.110000 0.236667
1 0.126667 0.871667 0.120000 0.183333
1 0.295000 0.811667 0.110000 0.176667
1 0.293333 0.745000 0.086667 0.176667
1 0.338333 0.623333 0.096667 0.160000
1 0.233333 0.573333 0.120000 0.246667
1 0.048333 0.680000 0.090000 0.173333
1 0.151667 0.625000 0.103333 0.183333
1 0.185000 0.310000 0.136667 0.213333
1 0.326667 0.248333 0.086667 0.123333
1 0.340000 0.341667 0.106667 0.190000
1 0.268333 0.481667 0.110000 0.190000
1 0.200000 0.208333 0.126667 0.143333
1 0.160000 0.441667 0.093333 0.196667
1 0.106667 0.458333 0.086667 0.190000
