1 0.246667 0.890000 0.226667 0.220000
1 0.585000 0.876667 0.230000 0.246667
1 0.738333 0.818333 0.163333 0.230000
1 0.866667 0.666667 0.220000 0.266667
1 0.530000 0.610000 0.193333 0.260000
1 0.296667 0.603333 0.180000 0.260000
1 0.098333 0.640000 0.190000 0.246667
1 0.078333 0.880000 0.150000 0.240000
1 0.948333 0.888333 0.096667 0.223333
1 0.928333 0.285000 0.143333 0.296667
1 0.666667 0.405000 0.206667 0.283333
1 0.478333 0.328333 0.190000 0.250000
1 0.285000 0.443333 0.163333 0.166667
1 0.128333 0.420000 0.176667 0.173333
1 0.080000 0.256667 0.153333 0.200000
1 0.281667 0.201667 0.190000 0.236667
1 0.128333 0.101667 0.176667 0.196667
1 0.446667 0.113333 0.173333 0.220000
1 0.613333 0.161667 0.180000 0.256667
1 0.756667 0.236667 0.166667 0.206667
1 0.835000 0.088333 0.163333 0.170000
