1 0.728333 0.258333 0.170000 0.223333
1 0.910000 0.260000 0.166667 0.220000
1 0.915000 0.068333 0.170000 0.130000
1 0.720000 0.063333 0.173333 0.120000
1 0.580000 0.058333 0.080000 0.110000
1 0.590000 0.251667 0.093333 0.230000
1 0.585000 0.493333 0.083333 0.226667
1 0.733333 0.515000 0.166667 0.223333
1 0.910000 0.510000 0.166667 0.206667
1 0.913333 0.758333 0.166667 0.216667
1 0.733333 0.756667 0.173333 0.220000
1 0.588333 0.756667 0.090000 0.226667
1 0.908333 0.948333 0.156667 0.103333
1 0.733333 0.948333 0.160000 0.103333
1 0.585000 0.946667 0.083333 0.106667
