1 0.588333 0.710000 0.203333 0.313333
1 0.108333 0.678333 0.210000 0.316667
1 0.236667 0.620000 0.160000 0.260000
1 0.396667 0.656667 0.200000 0.300000
1 0.706667 0.601667 0.140000 0.296667
1 0.856667 0.650000 0.193333 0.293333
1 0.573333 0.503333 0.193333 0.246667
1 0.080000 0.461667 0.153333 0.236667
1 0.213333 0.386667 0.166667 0.266667
1 0.390000 0.430000 0.193333 0.226667
1 0.860000 0.480000 0.186667 0.220000
1 0.961667 0.456667 0.076667 0.240000
1 0.706667 0.363333 0.200000 0.246667
1 0.845000 0.301667 0.190000 0.196667
1 0.090000 0.278333 0.173333 0.216667
1 0.065000 0.108333 0.123333 0.203333
1 0.203333 0.141667 0.166667 0.250000
1 0.365000 0.155000 0.203333 0.263333
1 0.480000 0.298333 0.186667 0.223333
1 0.528333 0.245000 0.163333 0.263333
1 0.581667 0.190000 0.150000 0.186667
1 0.705000 0.151667 0.156667 0.250000
1 0.846667 0.105000 0.166667 0.203333
1 0.483333 0.065000 0.113333 0.123333
1 0.593333 0.060000 0.120000 0.113333
1 0.966667 0.251667 0.066667 0.203333
1 0.971667 0.088333 0.050000 0.170000
1 0.331667 0.038333 0.156667 0.070000
1 0.153333 0.035000 0.126667 0.063333
1 0.978333 0.601667 0.043333 0.216667
