1 0.383333 0.726667 0.120000 0.213333
1 0.466667 0.805000 0.133333 0.230000
1 0.593333 0.885000 0.140000 0.230000
1 0.733333 0.866667 0.113333 0.160000
1 0.886667 0.888333 0.140000 0.223333
1 0.968333 0.816667 0.063333 0.246667
1 0.811667 0.701667 0.136667 0.203333
1 0.858333 0.498333 0.130000 0.203333
1 0.938333 0.680000 0.123333 0.246667
1 0.330000 0.525000 0.120000 0.230000
1 0.336667 0.333333 0.120000 0.166667
1 0.455000 0.095000 0.103333 0.183333
1 0.655000 0.075000 0.110000 0.143333
1 0.788333 0.213333 0.103333 0.193333
1 0.965000 0.378333 0.070000 0.190000
1 0.753333 0.083333 0.086667 0.146667
1 0.890000 0.095000 0.120000 0.183333
1 0.375000 0.075000 0.083333 0.143333
1 0.460000 0.965000 0.113333 0.070000
