1 0.831667 0.736667 0.163333 0.120000
1 0.513333 0.821667 0.160000 0.136667
1 0.098333 0.716667 0.170000 0.153333
1 0.356667 0.610000 0.213333 0.113333
1 0.386667 0.453333 0.180000 0.113333
1 0.265000 0.368333 0.170000 0.083333
1 0.166667 0.300000 0.173333 0.106667
1 0.351667 0.190000 0.170000 0.106667
1 0.243333 0.196667 0.140000 0.093333
1 0.768333 0.450000 0.150000 0.120000
1 0.796667 0.553333 0.226667 0.133333
1 0.956667 0.511667 0.086667 0.090000
1 0.931667 0.371667 0.136667 0.116667
1 0.770000 0.336667 0.133333 0.106667
1 0.511667 0.313333 0.170000 0.120000
1 0.855000 0.266667 0.170000 0.133333
1 0.621667 0.165000 0.170000 0.076667
1 0.398333 0.825000 0.116667 0.136667
1 0.703333 0.786667 0.180000 0.120000
1 0.550000 0.750000 0.166667 0.113333
1 0.548333 0.630000 0.150000 0.113333
1 0.440000 0.531667 0.180000 0.096667
1 0.445000 0.575000 0.156667 0.090000
1 0.278333 0.491667 0.136667 0.136667
1 0.641667 0.340000 0.176667 0.120000
