1 0.353333 0.783333 0.266667 0.393333
1 0.623333 0.721667 0.273333 0.310000
1 0.720000 0.496667 0.300000 0.266667
1 0.841667 0.350000 0.303333 0.240000
1 0.786667 0.200000 0.240000 0.213333
1 0.175000 0.601667 0.316667 0.303333
1 0.453333 0.498333 0.206667 0.263333
1 0.160000 0.398333 0.286667 0.223333
1 0.130000 0.228333 0.253333 0.196667
1 0.358333 0.313333 0.210000 0.226667
1 0.573333 0.308333 0.226667 0.210000
1 0.270000 0.128333 0.186667 0.190000
1 0.446667 0.165000 0.166667 0.236667
1 0.628333 0.120000 0.190000 0.206667
