1 0.745000 0.886667 0.236667 0.226667
1 0.901667 0.825000 0.196667 0.336667
1 0.530000 0.880000 0.300000 0.240000
1 0.183333 0.866667 0.320000 0.266667
1 0.296667 0.631667 0.260000 0.243333
1 0.470000 0.831667 0.273333 0.336667
1 0.676667 0.631667 0.273333 0.330000
1 0.753333 0.643333 0.160000 0.333333
1 0.900000 0.565000 0.200000 0.223333
1 0.645000 0.326667 0.230000 0.293333
1 0.193333 0.523333 0.246667 0.153333
1 0.213333 0.385000 0.246667 0.296667
1 0.443333 0.583333 0.220000 0.213333
1 0.498333 0.476667 0.230000 0.220000
1 0.378333 0.318333 0.230000 0.283333
1 0.203333 0.230000 0.206667 0.173333
1 0.581667 0.236667 0.190000 0.246667
1 0.823333 0.443333 0.240000 0.213333
1 0.943333 0.255000 0.113333 0.296667
1 0.805000 0.250000 0.150000 0.173333
1 0.761667 0.103333 0.170000 0.166667
1 0.425000 0.166667 0.190000 0.173333
1 0.060000 0.078333 0.113333 0.150000
