1 0.451667 0.156667 0.216667 0.146667
1 0.348333 0.270000 0.230000 0.133333
1 0.820000 0.303333 0.226667 0.146667
1 0.608333 0.258333 0.216667 0.110000
1 0.693333 0.446667 0.200000 0.166667
1 0.101667 0.738333 0.116667 0.090000
1 0.083333 0.843333 0.160000 0.113333
1 0.248333 0.846667 0.176667 0.113333
1 0.416667 0.848333 0.133333 0.083333
1 0.588333 0.838333 0.143333 0.096667
1 0.763333 0.843333 0.153333 0.093333
1 0.921667 0.841667 0.156667 0.116667
1 0.921667 0.738333 0.156667 0.096667
1 0.753333 0.740000 0.153333 0.100000
1 0.585000 0.738333 0.136667 0.096667
1 0.423333 0.741667 0.140000 0.090000
1 0.248333 0.730000 0.196667 0.126667
1 0.266667 0.440000 0.146667 0.140000
1 0.475000 0.535000 0.323333 0.143333
1 0.198333 0.291667 0.183333 0.110000
1 0.221667 0.363333 0.156667 0.106667
1 0.255000 0.171667 0.183333 0.096667
1 0.705000 0.193333 0.156667 0.093333
1 0.485000 0.386667 0.216667 0.153333
