1 0.140000 0.720000 0.120000 0.153333
1 0.225000 0.808333 0.143333 0.163333
1 0.488333 0.870000 0.156667 0.206667
1 0.681667 0.726667 0.150000 0.180000
1 0.923333 0.653333 0.146667 0.220000
1 0.808333 0.588333 0.116667 0.170000
1 0.325000 0.741667 0.123333 0.203333
1 0.446667 0.721667 0.140000 0.190000
1 0.483333 0.530000 0.126667 0.193333
1 0.631667 0.561667 0.123333 0.163333
1 0.873333 0.510000 0.140000 0.166667
1 0.258333 0.606667 0.116667 0.180000
1 0.358333 0.578333 0.096667 0.163333
1 0.756667 0.521667 0.113333 0.156667
1 0.785000 0.360000 0.090000 0.173333
1 0.660000 0.426667 0.120000 0.166667
1 0.688333 0.333333 0.110000 0.180000
1 0.578333 0.343333 0.110000 0.153333
1 0.433333 0.446667 0.126667 0.153333
1 0.370000 0.403333 0.106667 0.166667
1 0.260000 0.498333 0.126667 0.136667
1 0.160000 0.455000 0.120000 0.143333
1 0.168333 0.348333 0.110000 0.136667
1 0.266667 0.363333 0.100000 0.173333
1 0.215000 0.268333 0.103333 0.116667
1 0.360000 0.288333 0.106667 0.156667
1 0.486667 0.351667 0.093333 0.110000
1 0.643333 0.240000 0.106667 0.153333
