1 0.568333 0.688333 0.123333 0.223333
1 0.455000 0.756667 0.136667 0.226667
1 0.315000 0.810000 0.143333 0.240000
1 0.166667 0.878333 0.153333 0.243333
1 0.040000 0.911667 0.073333 0.176667
1 0.498333 0.565000 0.110000 0.170000
1 0.395000 0.626667 0.123333 0.166667
1 0.131667 0.726667 0.150000 0.180000
1 0.100000 0.615000 0.126667 0.156667
1 0.228333 0.566667 0.116667 0.146667
1 0.350000 0.521667 0.113333 0.143333
1 0.443333 0.476667 0.100000 0.133333
1 0.395000 0.405000 0.090000 0.116667
1 0.303333 0.441667 0.093333 0.116667
1 0.196667 0.475000 0.106667 0.136667
1 0.071667 0.513333 0.116667 0.146667
1 0.056667 0.436667 0.106667 0.126667
1 0.165000 0.405000 0.096667 0.116667
1 0.261667 0.373333 0.090000 0.106667
1 0.353333 0.341667 0.080000 0.110000
