1 0.095000 0.535000 0.150000 0.183333
1 0.098333 0.720000 0.130000 0.193333
1 0.236667 0.783333 0.173333 0.213333
1 0.391667 0.695000 0.183333 0.210000
1 0.245000 0.520000 0.163333 0.193333
1 0.420000 0.511667 0.133333 0.176667
1 0.411667 0.511667 0.170000 0.190000
1 0.588333 0.808333 0.183333 0.223333
1 0.731667 0.725000 0.163333 0.210000
1 0.573333 0.691667 0.133333 0.096667
1 0.566667 0.528333 0.120000 0.130000
1 0.563333 0.570000 0.146667 0.100000
1 0.750000 0.506667 0.166667 0.193333
1 0.886667 0.703333 0.146667 0.173333
1 0.878333 0.541667 0.136667 0.176667
