1 0.130000 0.960000 0.153333 0.073333
1 0.048333 0.881667 0.090000 0.156667
1 0.205000 0.850000 0.150000 0.160000
1 0.361667 0.785000 0.143333 0.150000
1 0.431667 0.928333 0.163333 0.143333
1 0.606667 0.898333 0.160000 0.170000
1 0.498333 0.826667 0.136667 0.140000
1 0.920000 0.823333 0.160000 0.140000
1 0.836667 0.868333 0.140000 0.143333
1 0.708333 0.811667 0.150000 0.143333
1 0.823333 0.743333 0.153333 0.113333
1 0.951667 0.680000 0.090000 0.153333
1 0.826667 0.656667 0.166667 0.166667
1 0.623333 0.658333 0.100000 0.156667
1 0.511667 0.691667 0.163333 0.130000
1 0.093333 0.720000 0.140000 0.153333
1 0.158333 0.718333 0.076667 0.150000
1 0.276667 0.701667 0.093333 0.123333
1 0.463333 0.571667 0.133333 0.136667
1 0.495000 0.530000 0.136667 0.113333
1 0.930000 0.511667 0.140000 0.190000
1 0.783333 0.546667 0.166667 0.153333
1 0.636667 0.518333 0.146667 0.103333
1 0.838333 0.366667 0.170000 0.146667
1 0.815000 0.413333 0.136667 0.126667
1 0.161667 0.383333 0.143333 0.140000
1 0.108333 0.506667 0.136667 0.133333
1 0.243333 0.490000 0.133333 0.113333
1 0.070000 0.383333 0.080000 0.113333
1 0.133333 0.270000 0.106667 0.113333
1 0.268333 0.283333 0.136667 0.106667
1 0.338333 0.358333 0.103333 0.130000
1 0.435000 0.325000 0.143333 0.110000
1 0.598333 0.315000 0.130000 0.103333
1 0.555000 0.248333 0.090000 0.123333
1 0.703333 0.331667 0.093333 0.143333
1 0.491667 0.420000 0.176667 0.133333
1 0.638333 0.425000 0.130000 0.130000
1 0.033333 0.325000 0.060000 0.090000
1 0.815000 0.300000 0.150000 0.100000
1 0.893333 0.218333 0.180000 0.136667
1 0.745000 0.231667 0.130000 0.123333
1 0.726667 0.171667 0.133333 0.116667
1 0.943333 0.071667 0.113333 0.136667
1 0.611667 0.128333 0.136667 0.130000
1 0.673333 0.056667 0.133333 0.106667
1 0.508333 0.171667 0.123333 0.136667
1 0.388333 0.231667 0.123333 0.130000
1 0.543333 0.055000 0.133333 0.103333
1 0.416667 0.060000 0.126667 0.113333
1 0.346667 0.146667 0.133333 0.133333
1 0.218333 0.188333 0.130000 0.110000
1 0.090000 0.051667 0.100000 0.096667
1 0.073333 0.090000 0.126667 0.106667
1 0.290000 0.031667 0.120000 0.056667
