1 0.110000 0.883333 0.213333 0.233333
1 0.326667 0.798333 0.306667 0.403333
1 0.553333 0.595000 0.273333 0.503333
1 0.795000 0.641667 0.256667 0.476667
1 0.143333 0.475000 0.280000 0.456667
1 0.391667 0.275000 0.250000 0.476667
1 0.738333 0.226667 0.316667 0.420000
1 0.933333 0.196667 0.126667 0.386667
1 0.951667 0.606667 0.096667 0.400000
1 0.883333 0.901667 0.233333 0.190000
1 0.631667 0.921667 0.243333 0.156667
1 0.196667 0.160000 0.240000 0.280000
1 0.045000 0.255000 0.083333 0.263333
1 0.060000 0.065000 0.113333 0.123333
1 0.208333 0.040000 0.176667 0.073333
1 0.471667 0.041667 0.203333 0.076667
