1 0.866667 0.315000 0.206667 0.063333
1 0.660000 0.293333 0.160000 0.093333
1 0.460000 0.313333 0.200000 0.060000
1 0.288333 0.271667 0.203333 0.130000
1 0.086667 0.316667 0.160000 0.053333
1 0.158333 0.213333 0.163333 0.100000
1 0.325000 0.186667 0.163333 0.106667
1 0.488333 0.158333 0.156667 0.096667
1 0.496667 0.248333 0.166667 0.090000
1 0.725000 0.205000 0.183333 0.103333
1 0.901667 0.248333 0.163333 0.116667
1 0.816667 0.153333 0.146667 0.080000
1 0.653333 0.128333 0.133333 0.090000
1 0.813333 0.061667 0.146667 0.096667
1 0.655000 0.055000 0.130000 0.090000
1 0.511667 0.063333 0.123333 0.106667
1 0.390000 0.040000 0.120000 0.073333
1 0.358333 0.096667 0.156667 0.080000
1 0.193333 0.105000 0.133333 0.076667
1 0.233333 0.038333 0.126667 0.070000
