1 0.526667 0.938333 0.140000 0.123333
1 0.118333 0.815000 0.130000 0.183333
1 0.061667 0.470000 0.110000 0.173333
1 0.146667 0.310000 0.113333 0.186667
1 0.263333 0.381667 0.113333 0.170000
1 0.748333 0.106667 0.123333 0.200000
1 0.608333 0.140000 0.123333 0.193333
1 0.453333 0.168333 0.146667 0.203333
1 0.208333 0.155000 0.143333 0.196667
1 0.191667 0.048333 0.116667 0.090000
1 0.203333 0.938333 0.100000 0.123333
1 0.308333 0.955000 0.103333 0.090000
1 0.341667 0.823333 0.116667 0.206667
1 0.525000 0.768333 0.143333 0.170000
1 0.851667 0.928333 0.110000 0.143333
1 0.721667 0.903333 0.103333 0.186667
1 0.630000 0.620000 0.113333 0.233333
1 0.816667 0.625000 0.093333 0.176667
1 0.411667 0.665000 0.123333 0.196667
1 0.215000 0.660000 0.116667 0.166667
1 0.063333 0.610000 0.120000 0.140000
1 0.150000 0.476667 0.120000 0.146667
1 0.363333 0.460000 0.120000 0.133333
1 0.466667 0.475000 0.093333 0.176667
1 0.565000 0.451667 0.123333 0.190000
1 0.391667 0.318333 0.143333 0.163333
1 0.045000 0.305000 0.083333 0.170000
1 0.666667 0.530000 0.093333 0.140000
1 0.711667 0.431667 0.116667 0.170000
1 0.846667 0.311667 0.126667 0.170000
1 0.335000 0.108333 0.103333 0.176667
1 0.041667 0.081667 0.076667 0.156667
1 0.060000 0.183333 0.113333 0.086667
1 0.883333 0.775000 0.126667 0.163333
1 0.940000 0.061667 0.113333 0.116667
