1 0.728333 0.800000 0.210000 0.280000
1 0.788333 0.808333 0.196667 0.323333
1 0.515000 0.846667 0.223333 0.306667
1 0.533333 0.845000 0.120000 0.270000
1 0.718333 0.520000 0.190000 0.280000
1 0.208333 0.755000 0.210000 0.316667
1 0.303333 0.920000 0.166667 0.160000
1 0.346667 0.915000 0.180000 0.170000
1 0.090000 0.918333 0.173333 0.163333
1 0.598333 0.326667 0.183333 0.260000
1 0.205000 0.478333 0.176667 0.296667
1 0.430000 0.450000 0.160000 0.240000
1 0.073333 0.640000 0.140000 0.253333
1 0.055000 0.775000 0.103333 0.223333
1 0.051667 0.440000 0.096667 0.213333
1 0.096667 0.383333 0.186667 0.266667
1 0.340000 0.355000 0.186667 0.283333
1 0.406667 0.146667 0.200000 0.266667
1 0.660000 0.085000 0.166667 0.163333
1 0.511667 0.088333 0.170000 0.170000
1 0.308333 0.121667 0.196667 0.236667
1 0.255000 0.108333 0.143333 0.210000
1 0.101667 0.151667 0.176667 0.250000
1 0.363333 0.626667 0.193333 0.280000
