1 0.688333 0.731667 0.343333 0.536667
1 0.926667 0.750000 0.133333 0.500000
1 0.325000 0.761667 0.343333 0.476667
1 0.076667 0.745000 0.146667 0.510000
1 0.103333 0.483333 0.200000 0.420000
1 0.355000 0.466667 0.283333 0.433333
1 0.653333 0.490000 0.273333 0.360000
1 0.900000 0.481667 0.200000 0.423333
1 0.630000 0.301667 0.233333 0.316667
1 0.381667 0.295000 0.236667 0.296667
1 0.131667 0.323333 0.230000 0.340000
1 0.866667 0.318333 0.206667 0.303333
1 0.185000 0.190000 0.176667 0.273333
1 0.411667 0.170000 0.190000 0.253333
1 0.605000 0.183333 0.183333 0.226667
1 0.813333 0.193333 0.166667 0.260000
1 0.778333 0.108333 0.163333 0.210000
1 0.608333 0.075000 0.170000 0.143333
1 0.415000 0.083333 0.170000 0.160000
1 0.055000 0.095000 0.103333 0.176667
