1 0.265000 0.936667 0.163333 0.126667
1 0.431667 0.911667 0.176667 0.176667
1 0.728333 0.790000 0.163333 0.246667
1 0.820000 0.615000 0.160000 0.216667
1 0.595000 0.678333 0.143333 0.216667
1 0.125000 0.565000 0.136667 0.223333
1 0.106667 0.506667 0.153333 0.200000
1 0.220000 0.371667 0.146667 0.230000
1 0.331667 0.458333 0.170000 0.256667
1 0.505000 0.433333 0.163333 0.266667
1 0.413333 0.273333 0.140000 0.193333
1 0.423333 0.111667 0.186667 0.216667
1 0.576667 0.106667 0.146667 0.206667
1 0.765000 0.181667 0.156667 0.250000
1 0.731667 0.368333 0.183333 0.163333
