1 0.185000 0.841667 0.163333 0.143333
1 0.288333 0.841667 0.150000 0.136667
1 0.396667 0.821667 0.173333 0.136667
1 0.566667 0.796667 0.193333 0.080000
1 0.566667 0.741667 0.200000 0.096667
1 0.753333 0.753333 0.186667 0.093333
1 0.913333 0.691667 0.173333 0.130000
1 0.353333 0.708333 0.173333 0.103333
1 0.161667 0.788333 0.170000 0.110000
1 0.691667 0.661667 0.170000 0.103333
1 0.865000 0.616667 0.190000 0.080000
1 0.403333 0.613333 0.200000 0.113333
1 0.133333 0.640000 0.173333 0.106667
1 0.106667 0.716667 0.160000 0.073333
1 0.136667 0.523333 0.160000 0.106667
1 0.270000 0.495000 0.140000 0.056667
1 0.321667 0.543333 0.163333 0.080000
1 0.395000 0.440000 0.170000 0.100000
1 0.651667 0.476667 0.163333 0.093333
1 0.750000 0.583333 0.153333 0.106667
1 0.891667 0.526667 0.176667 0.120000
1 0.718333 0.386667 0.150000 0.086667
1 0.095000 0.341667 0.150000 0.090000
1 0.236667 0.335000 0.126667 0.076667
1 0.775000 0.278333 0.123333 0.083333
1 0.695000 0.231667 0.116667 0.056667
1 0.151667 0.283333 0.116667 0.073333
1 0.255000 0.270000 0.116667 0.080000
1 0.443333 0.515000 0.160000 0.096667
1 0.566667 0.421667 0.173333 0.096667
1 0.185000 0.436667 0.130000 0.100000
1 0.850000 0.428333 0.093333 0.083333
1 0.236667 0.598333 0.133333 0.063333
