1 0.170000 0.903333 0.233333 0.193333
1 0.363333 0.790000 0.246667 0.386667
1 0.170000 0.606667 0.246667 0.393333
1 0.121667 0.238333 0.236667 0.343333
1 0.335000 0.276667 0.210000 0.293333
1 0.338333 0.420000 0.216667 0.213333
1 0.606667 0.650000 0.200000 0.133333
1 0.600000 0.830000 0.220000 0.313333
1 0.828333 0.728333 0.236667 0.370000
1 0.778333 0.491667 0.176667 0.196667
1 0.930000 0.483333 0.140000 0.293333
1 0.788333 0.253333 0.263333 0.340000
1 0.560000 0.400000 0.226667 0.406667
1 0.486667 0.118333 0.233333 0.230000
1 0.738333 0.938333 0.210000 0.123333
