1 0.103333 0.493333 0.200000 0.353333
1 0.270000 0.746667 0.240000 0.313333
1 0.461667 0.745000 0.150000 0.330000
1 0.558333 0.765000 0.223333 0.270000
1 0.785000 0.768333 0.243333 0.270000
1 0.771667 0.573333 0.216667 0.273333
1 0.790000 0.463333 0.226667 0.280000
1 0.315000 0.370000 0.263333 0.320000
1 0.536667 0.435000 0.220000 0.283333
1 0.368333 0.555000 0.196667 0.156667
1 0.203333 0.120000 0.253333 0.233333
1 0.473333 0.206667 0.206667 0.246667
1 0.681667 0.226667 0.223333 0.293333
1 0.900000 0.250000 0.200000 0.320000
1 0.940000 0.666667 0.120000 0.366667
1 0.113333 0.733333 0.193333 0.280000
1 0.585000 0.513333 0.176667 0.240000
