1 0.353333 0.703333 0.126667 0.220000
1 0.583333 0.675000 0.160000 0.230000
1 0.461667 0.671667 0.110000 0.216667
1 0.578333 0.841667 0.143333 0.216667
1 0.766667 0.590000 0.126667 0.240000
1 0.653333 0.571667 0.113333 0.203333
1 0.645000 0.360000 0.123333 0.240000
1 0.740000 0.401667 0.106667 0.170000
1 0.545000 0.441667 0.123333 0.243333
1 0.378333 0.511667 0.116667 0.183333
1 0.445000 0.465000 0.083333 0.210000
1 0.376667 0.335000 0.113333 0.183333
1 0.518333 0.170000 0.116667 0.173333
1 0.461667 0.270000 0.116667 0.166667
