1 0.710000 0.315000 0.133333 0.136667
1 0.488333 0.401667 0.130000 0.143333
1 0.505000 0.408333 0.110000 0.110000
1 0.435000 0.551667 0.110000 0.130000
1 0.548333 0.541667 0.090000 0.136667
1 0.351667 0.456667 0.096667 0.133333
1 0.323333 0.385000 0.100000 0.083333
1 0.300000 0.308333 0.106667 0.110000
1 0.401667 0.290000 0.130000 0.120000
1 0.346667 0.198333 0.120000 0.090000
1 0.470000 0.186667 0.133333 0.120000
1 0.630000 0.215000 0.100000 0.090000
1 0.573333 0.281667 0.140000 0.116667
1 0.625000 0.460000 0.116667 0.153333
