1 0.820000 0.510000 0.153333 0.213333
1 0.868333 0.591667 0.163333 0.223333
1 0.671667 0.581667 0.183333 0.256667
1 0.775000 0.753333 0.183333 0.253333
1 0.808333 0.931667 0.170000 0.136667
1 0.500000 0.820000 0.180000 0.213333
1 0.483333 0.948333 0.160000 0.103333
1 0.328333 0.786667 0.156667 0.246667
1 0.263333 0.678333 0.120000 0.223333
1 0.393333 0.606667 0.146667 0.206667
1 0.540000 0.645000 0.146667 0.170000
1 0.625000 0.796667 0.136667 0.220000
1 0.941667 0.688333 0.116667 0.236667
1 0.640000 0.961667 0.133333 0.076667
1 0.185000 0.851667 0.136667 0.196667
1 0.145000 0.678333 0.136667 0.183333
1 0.145000 0.428333 0.130000 0.223333
1 0.248333 0.443333 0.130000 0.186667
1 0.285000 0.521667 0.143333 0.090000
1 0.470000 0.431667 0.133333 0.210000
1 0.535000 0.451667 0.143333 0.210000
1 0.766667 0.216667 0.160000 0.240000
1 0.935000 0.298333 0.130000 0.236667
1 0.891667 0.275000 0.123333 0.210000
1 0.268333 0.211667 0.136667 0.203333
1 0.385000 0.136667 0.143333 0.206667
1 0.506667 0.133333 0.120000 0.213333
1 0.138333 0.243333 0.130000 0.186667
1 0.035000 0.455000 0.063333 0.203333
