1 0.196667 0.890000 0.206667 0.220000
1 0.388333 0.711667 0.230000 0.270000
1 0.923333 0.713333 0.153333 0.266667
1 0.913333 0.845000 0.173333 0.210000
1 0.748333 0.700000 0.190000 0.266667
1 0.488333 0.406667 0.176667 0.260000
1 0.078333 0.393333 0.150000 0.206667
1 0.258333 0.475000 0.256667 0.283333
1 0.525000 0.130000 0.203333 0.253333
1 0.186667 0.168333 0.180000 0.296667
1 0.775000 0.150000 0.203333 0.293333
1 0.691667 0.443333 0.196667 0.266667
1 0.646667 0.366667 0.146667 0.213333
1 0.083333 0.150000 0.160000 0.293333
1 0.913333 0.453333 0.166667 0.273333
1 0.936667 0.136667 0.126667 0.266667
1 0.056667 0.650000 0.106667 0.300000
1 0.201667 0.640000 0.150000 0.293333
