1 0.835000 0.891667 0.236667 0.216667
1 0.630000 0.768333 0.266667 0.343333
1 0.135000 0.751667 0.263333 0.330000
1 0.331667 0.355000 0.190000 0.290000
1 0.323333 0.385000 0.226667 0.416667
1 0.443333 0.645000 0.226667 0.363333
1 0.395000 0.751667 0.216667 0.376667
1 0.115000 0.408333 0.223333 0.363333
1 0.158333 0.140000 0.256667 0.273333
1 0.583333 0.445000 0.180000 0.316667
1 0.733333 0.443333 0.233333 0.380000
1 0.910000 0.298333 0.180000 0.376667
1 0.548333 0.158333 0.263333 0.310000
1 0.795000 0.131667 0.210000 0.256667
1 0.340000 0.066667 0.186667 0.126667
