1 0.260000 0.915000 0.113333 0.170000
1 0.365000 0.920000 0.103333 0.160000
1 0.455000 0.921667 0.110000 0.156667
1 0.588333 0.895000 0.163333 0.210000
1 0.710000 0.923333 0.126667 0.153333
1 0.776667 0.751667 0.106667 0.276667
1 0.661667 0.775000 0.116667 0.190000
1 0.685000 0.561667 0.123333 0.243333
1 0.493333 0.728333 0.140000 0.216667
1 0.390000 0.731667 0.100000 0.263333
1 0.285000 0.688333 0.110000 0.276667
1 0.358333 0.495000 0.110000 0.256667
1 0.468333 0.545000 0.110000 0.190000
1 0.576667 0.641667 0.106667 0.230000
1 0.586667 0.420000 0.133333 0.213333
1 0.466667 0.341667 0.146667 0.203333
