1 0.146667 0.823333 0.193333 0.213333
1 0.058333 0.486667 0.110000 0.173333
1 0.745000 0.343333 0.096667 0.106667
1 0.910000 0.890000 0.053333 0.040000
1 0.343333 0.230000 0.113333 0.106667
1 0.208333 0.191667 0.116667 0.050000
1 0.083333 0.176667 0.113333 0.060000
1 0.251667 0.146667 0.096667 0.080000
1 0.390000 0.118333 0.086667 0.123333
1 0.468333 0.191667 0.043333 0.130000
1 0.273333 0.081667 0.086667 0.076667
1 0.156667 0.088333 0.073333 0.090000
1 0.058333 0.080000 0.070000 0.086667
11 0.051667 0.566667 0.096667 0.060000
11 0.135000 0.750000 0.143333 0.140000
1 0.756667 0.860000 0.040000 0.026667
11 0.760000 0.878333 0.033333 0.010000
11 0.905000 0.913333 0.050000 0.020000
