1 0.670000 0.916667 0.200000 0.160000
1 0.486667 0.941667 0.160000 0.116667
1 0.340000 0.928333 0.140000 0.136667
1 0.241667 0.753333 0.156667 0.220000
1 0.623333 0.756667 0.193333 0.253333
1 0.450000 0.828333 0.160000 0.176667
1 0.846667 0.675000 0.186667 0.263333
1 0.396667 0.498333 0.180000 0.243333
1 0.750000 0.446667 0.153333 0.233333
1 0.138333 0.543333 0.156667 0.246667
1 0.595000 0.440000 0.156667 0.200000
1 0.245000 0.398333 0.170000 0.216667
1 0.806667 0.130000 0.160000 0.220000
1 0.581667 0.515000 0.136667 0.156667
1 0.521667 0.273333 0.163333 0.306667
1 0.683333 0.223333 0.140000 0.213333
1 0.491667 0.083333 0.156667 0.160000
1 0.298333 0.205000 0.150000 0.163333
1 0.871667 0.473333 0.116667 0.166667
