1 0.100000 0.493333 0.193333 0.353333
1 0.271667 0.743333 0.243333 0.300000
1 0.446667 0.746667 0.120000 0.320000
1 0.563333 0.760000 0.220000 0.280000
1 0.785000 0.778333 0.243333 0.256667
1 0.115000 0.720000 0.196667 0.300000
1 0.313333 0.376667 0.260000 0.306667
1 0.365000 0.553333 0.190000 0.166667
1 0.770000 0.575000 0.213333 0.270000
1 0.938333 0.586667 0.123333 0.200000
1 0.951667 0.716667 0.096667 0.280000
1 0.898333 0.253333 0.203333 0.320000
1 0.788333 0.466667 0.230000 0.286667
1 0.531667 0.436667 0.223333 0.286667
1 0.686667 0.228333 0.220000 0.303333
1 0.476667 0.203333 0.220000 0.233333
1 0.201667 0.120000 0.256667 0.233333
