1 0.035000 0.075000 0.063333 0.143333
1 0.105000 0.075000 0.063333 0.143333
1 0.178333 0.076667 0.063333 0.146667
1 0.250000 0.078333 0.053333 0.150000
1 0.321667 0.076667 0.063333 0.133333
1 0.391667 0.080000 0.056667 0.140000
1 0.460000 0.078333 0.053333 0.143333
1 0.535000 0.075000 0.056667 0.136667
1 0.605000 0.078333 0.063333 0.143333
1 0.676667 0.078333 0.060000 0.136667
1 0.750000 0.076667 0.060000 0.140000
1 0.821667 0.076667 0.056667 0.140000
1 0.893333 0.078333 0.060000 0.143333
1 0.965000 0.076667 0.063333 0.140000
1 0.965000 0.238333 0.063333 0.136667
1 0.893333 0.233333 0.060000 0.140000
1 0.820000 0.236667 0.060000 0.140000
1 0.748333 0.236667 0.056667 0.140000
1 0.680000 0.236667 0.060000 0.140000
1 0.606667 0.240000 0.060000 0.146667
1 0.536667 0.238333 0.060000 0.143333
1 0.466667 0.240000 0.060000 0.140000
1 0.393333 0.240000 0.060000 0.140000
1 0.321667 0.236667 0.063333 0.140000
1 0.250000 0.236667 0.066667 0.140000
1 0.178333 0.236667 0.063333 0.140000
1 0.105000 0.240000 0.063333 0.140000
1 0.035000 0.240000 0.063333 0.146667
1 0.035000 0.401667 0.063333 0.143333
1 0.106667 0.400000 0.066667 0.146667
1 0.181667 0.400000 0.063333 0.146667
1 0.251667 0.400000 0.063333 0.146667
1 0.323333 0.400000 0.060000 0.140000
1 0.393333 0.398333 0.060000 0.150000
1 0.463333 0.398333 0.060000 0.143333
1 0.536667 0.398333 0.060000 0.150000
1 0.608333 0.400000 0.063333 0.140000
1 0.676667 0.400000 0.060000 0.140000
1 0.748333 0.396667 0.063333 0.140000
1 0.821667 0.403333 0.063333 0.140000
1 0.893333 0.403333 0.060000 0.146667
1 0.965000 0.403333 0.063333 0.133333
1 0.966667 0.563333 0.060000 0.140000
1 0.895000 0.560000 0.063333 0.140000
1 0.823333 0.561667 0.053333 0.136667
1 0.750000 0.560000 0.060000 0.140000
1 0.680000 0.560000 0.060000 0.140000
1 0.608333 0.560000 0.063333 0.140000
1 0.536667 0.561667 0.066667 0.143333
1 0.463333 0.560000 0.060000 0.140000
1 0.393333 0.560000 0.060000 0.133333
1 0.323333 0.561667 0.060000 0.136667
1 0.250000 0.565000 0.060000 0.136667
1 0.180000 0.563333 0.060000 0.146667
1 0.106667 0.561667 0.066667 0.150000
1 0.035000 0.561667 0.063333 0.143333
1 0.965000 0.726667 0.056667 0.140000
1 0.895000 0.723333 0.063333 0.140000
1 0.821667 0.726667 0.063333 0.140000
1 0.751667 0.725000 0.063333 0.136667
1 0.678333 0.721667 0.063333 0.143333
1 0.606667 0.721667 0.066667 0.143333
1 0.535000 0.721667 0.063333 0.143333
1 0.465000 0.721667 0.056667 0.143333
1 0.393333 0.721667 0.060000 0.143333
1 0.321667 0.726667 0.063333 0.140000
1 0.248333 0.723333 0.063333 0.146667
1 0.178333 0.723333 0.063333 0.146667
1 0.106667 0.721667 0.066667 0.150000
1 0.035000 0.723333 0.056667 0.140000
1 0.036667 0.883333 0.060000 0.140000
1 0.106667 0.885000 0.066667 0.143333
1 0.176667 0.885000 0.060000 0.143333
1 0.250000 0.886667 0.066667 0.140000
1 0.320000 0.885000 0.060000 0.143333
1 0.391667 0.883333 0.063333 0.140000
1 0.465000 0.885000 0.063333 0.143333
1 0.536667 0.888333 0.060000 0.143333
1 0.606667 0.886667 0.060000 0.146667
1 0.676667 0.888333 0.060000 0.143333
1 0.750000 0.886667 0.060000 0.146667
1 0.820000 0.886667 0.066667 0.146667
1 0.893333 0.885000 0.060000 0.143333
1 0.965000 0.890000 0.056667 0.140000
