1 0.440000 0.631667 0.140000 0.270000
1 0.485000 0.671667 0.116667 0.283333
1 0.080000 0.836667 0.153333 0.286667
1 0.261667 0.895000 0.170000 0.210000
1 0.221667 0.656667 0.130000 0.280000
1 0.111667 0.631667 0.143333 0.183333
1 0.121667 0.481667 0.130000 0.176667
1 0.595000 0.800000 0.136667 0.266667
1 0.766667 0.933333 0.153333 0.133333
1 0.738333 0.738333 0.143333 0.276667
1 0.820000 0.520000 0.153333 0.266667
1 0.921667 0.746667 0.143333 0.233333
1 0.916667 0.881667 0.153333 0.190000
1 0.701667 0.405000 0.130000 0.263333
1 0.591667 0.400000 0.130000 0.260000
1 0.601667 0.555000 0.116667 0.136667
1 0.411667 0.393333 0.136667 0.206667
1 0.275000 0.378333 0.130000 0.290000
1 0.140000 0.276667 0.133333 0.213333
1 0.305000 0.133333 0.143333 0.253333
1 0.536667 0.161667 0.153333 0.243333
1 0.670000 0.188333 0.126667 0.203333
1 0.768333 0.186667 0.090000 0.246667
1 0.820000 0.203333 0.133333 0.226667
1 0.905000 0.366667 0.150000 0.266667
1 0.963333 0.530000 0.073333 0.280000
1 0.953333 0.275000 0.093333 0.223333
1 0.275000 0.383333 0.130000 0.300000
1 0.368333 0.830000 0.123333 0.253333
1 0.651667 0.060000 0.143333 0.113333
1 0.113333 0.158333 0.133333 0.196667
1 0.038333 0.588333 0.070000 0.223333
