1 0.215000 0.476667 0.096667 0.146667
1 0.140000 0.548333 0.086667 0.143333
1 0.080000 0.628333 0.086667 0.123333
1 0.668333 0.885000 0.090000 0.143333
1 0.586667 0.920000 0.080000 0.126667
1 0.841667 0.313333 0.103333 0.153333
1 0.888333 0.443333 0.090000 0.140000
1 0.795000 0.443333 0.096667 0.133333
1 0.811667 0.175000 0.096667 0.143333
1 0.903333 0.210000 0.100000 0.146667
1 0.750000 0.285000 0.100000 0.136667
1 0.646667 0.298333 0.093333 0.136667
1 0.703333 0.406667 0.080000 0.140000
1 0.726667 0.161667 0.073333 0.130000
1 0.871667 0.088333 0.090000 0.116667
1 0.940000 0.340000 0.086667 0.133333
1 0.070000 0.383333 0.080000 0.120000
1 0.123333 0.280000 0.073333 0.113333
1 0.061667 0.273333 0.063333 0.113333
1 0.033333 0.173333 0.060000 0.153333
1 0.650000 0.188333 0.086667 0.096667
