1 0.918333 0.861667 0.163333 0.203333
1 0.148333 0.825000 0.290000 0.203333
1 0.268333 0.953333 0.283333 0.093333
1 0.098333 0.578333 0.190000 0.156667
1 0.113333 0.423333 0.220000 0.153333
1 0.365000 0.446667 0.283333 0.200000
1 0.313333 0.650000 0.286667 0.206667
1 0.615000 0.591667 0.303333 0.176667
1 0.676667 0.685000 0.306667 0.183333
1 0.911667 0.498333 0.176667 0.190000
1 0.713333 0.425000 0.300000 0.190000
1 0.888333 0.301667 0.223333 0.176667
1 0.650000 0.260000 0.273333 0.173333
1 0.175000 0.350000 0.343333 0.153333
1 0.478333 0.810000 0.270000 0.200000
1 0.668333 0.933333 0.296667 0.133333
1 0.726667 0.898333 0.246667 0.163333
1 0.870000 0.755000 0.260000 0.176667
1 0.906667 0.651667 0.186667 0.110000
1 0.906667 0.063333 0.180000 0.120000
1 0.265000 0.180000 0.356667 0.220000
1 0.690000 0.103333 0.300000 0.160000
