1 0.061667 0.633333 0.116667 0.213333
1 0.251667 0.648333 0.096667 0.210000
1 0.391667 0.663333 0.123333 0.306667
1 0.505000 0.946667 0.136667 0.106667
1 0.543333 0.863333 0.126667 0.186667
1 0.545000 0.730000 0.130000 0.220000
1 0.671667 0.733333 0.130000 0.213333
1 0.743333 0.670000 0.126667 0.253333
1 0.563333 0.558333 0.106667 0.223333
1 0.513333 0.613333 0.086667 0.186667
1 0.948333 0.665000 0.103333 0.263333
1 0.866667 0.591667 0.126667 0.223333
1 0.371667 0.208333 0.116667 0.223333
1 0.761667 0.288333 0.116667 0.236667
1 0.783333 0.160000 0.120000 0.160000
1 0.173333 0.370000 0.113333 0.180000
1 0.535000 0.095000 0.103333 0.183333
1 0.861667 0.451667 0.130000 0.176667
1 0.863333 0.365000 0.093333 0.176667
1 0.953333 0.396667 0.093333 0.166667
1 0.961667 0.236667 0.076667 0.186667
1 0.075000 0.401667 0.096667 0.136667
1 0.048333 0.486667 0.090000 0.166667
1 0.295000 0.365000 0.083333 0.163333
1 0.161667 0.065000 0.090000 0.123333
1 0.288333 0.080000 0.096667 0.146667
1 0.388333 0.070000 0.103333 0.133333
1 0.690000 0.126667 0.100000 0.166667
1 0.273333 0.170000 0.093333 0.133333
1 0.671667 0.418333 0.090000 0.196667
1 0.651667 0.446667 0.110000 0.173333
