1 0.693333 0.925000 0.140000 0.150000
1 0.518333 0.846667 0.123333 0.173333
1 0.615000 0.741667 0.116667 0.203333
1 0.806667 0.795000 0.126667 0.183333
1 0.920000 0.703333 0.140000 0.200000
1 0.726667 0.640000 0.113333 0.166667
1 0.445000 0.660000 0.116667 0.173333
1 0.851667 0.543333 0.096667 0.166667
1 0.805000 0.531667 0.070000 0.156667
1 0.936667 0.431667 0.126667 0.170000
1 0.923333 0.325000 0.126667 0.130000
1 0.541667 0.543333 0.103333 0.160000
1 0.491667 0.505000 0.103333 0.163333
1 0.543333 0.366667 0.106667 0.153333
1 0.705000 0.473333 0.170000 0.173333
1 0.655000 0.381667 0.103333 0.156667
1 0.770000 0.336667 0.126667 0.166667
1 0.735000 0.206667 0.116667 0.140000
1 0.860000 0.230000 0.133333 0.186667
1 0.816667 0.081667 0.126667 0.156667
1 0.826667 0.075000 0.093333 0.143333
1 0.926667 0.135000 0.113333 0.236667
