1 0.160000 0.850000 0.100000 0.133333
1 0.218333 0.901667 0.090000 0.083333
1 0.215000 0.950000 0.110000 0.080000
1 0.346667 0.905000 0.093333 0.103333
1 0.238333 0.765000 0.090000 0.116667
1 0.346667 0.800000 0.093333 0.106667
1 0.193333 0.685000 0.086667 0.103333
1 0.163333 0.601667 0.080000 0.130000
1 0.223333 0.545000 0.073333 0.130000
1 0.330000 0.550000 0.086667 0.100000
1 0.275000 0.645000 0.076667 0.143333
1 0.336667 0.713333 0.100000 0.100000
1 0.433333 0.708333 0.080000 0.143333
1 0.441667 0.590000 0.076667 0.126667
1 0.433333 0.478333 0.093333 0.096667
1 0.215000 0.383333 0.076667 0.100000
1 0.288333 0.380000 0.070000 0.100000
1 0.363333 0.378333 0.073333 0.096667
1 0.215000 0.285000 0.070000 0.103333
1 0.286667 0.283333 0.073333 0.100000
1 0.361667 0.276667 0.070000 0.106667
1 0.220000 0.190000 0.073333 0.093333
1 0.291667 0.185000 0.070000 0.090000
1 0.365000 0.180000 0.070000 0.093333
1 0.218333 0.093333 0.070000 0.100000
1 0.291667 0.091667 0.076667 0.096667
1 0.365000 0.086667 0.076667 0.106667
1 0.815000 0.761667 0.110000 0.110000
1 0.896667 0.703333 0.086667 0.160000
1 0.808333 0.613333 0.123333 0.113333
1 0.655000 0.603333 0.076667 0.146667
1 0.730000 0.665000 0.106667 0.110000
1 0.926667 0.575000 0.093333 0.130000
1 0.786667 0.503333 0.086667 0.106667
1 0.658333 0.481667 0.083333 0.110000
1 0.723333 0.541667 0.093333 0.110000
1 0.703333 0.420000 0.073333 0.100000
1 0.786667 0.411667 0.086667 0.083333
1 0.898333 0.436667 0.083333 0.146667
1 0.730000 0.461667 0.073333 0.076667
1 0.863333 0.536667 0.086667 0.113333
