1 0.440000 0.533333 0.113333 0.146667
1 0.351667 0.633333 0.116667 0.146667
1 0.236667 0.648333 0.113333 0.143333
1 0.125000 0.635000 0.110000 0.136667
1 0.073333 0.483333 0.100000 0.133333
1 0.088333 0.405000 0.090000 0.103333
1 0.133333 0.338333 0.086667 0.110000
1 0.286667 0.343333 0.086667 0.126667
1 0.346667 0.411667 0.100000 0.123333
1 0.430000 0.391667 0.086667 0.130000
1 0.213333 0.456667 0.093333 0.106667
1 0.323333 0.291667 0.086667 0.116667
1 0.215000 0.315000 0.083333 0.110000
1 0.286667 0.505000 0.040000 0.156667
1 0.336667 0.518333 0.080000 0.110000
