1 0.070000 0.291667 0.126667 0.090000
1 0.205000 0.283333 0.150000 0.100000
1 0.146667 0.381667 0.146667 0.096667
1 0.295000 0.336667 0.150000 0.106667
1 0.261667 0.430000 0.130000 0.086667
1 0.383333 0.486667 0.140000 0.093333
1 0.405000 0.666667 0.150000 0.100000
1 0.516667 0.610000 0.146667 0.120000
1 0.653333 0.561667 0.166667 0.116667
1 0.288333 0.045000 0.143333 0.083333
1 0.760000 0.588333 0.140000 0.103333
1 0.398333 0.060000 0.116667 0.106667
1 0.476667 0.420000 0.120000 0.086667
1 0.366667 0.408333 0.113333 0.096667
1 0.276667 0.118333 0.113333 0.070000
