2 0.485000 0.501667 0.110000 0.170000
2 0.325000 0.740000 0.116667 0.173333
2 0.506667 0.885000 0.146667 0.130000
2 0.761667 0.853333 0.130000 0.153333
2 0.906667 0.751667 0.086667 0.176667
2 0.608333 0.418333 0.076667 0.156667
2 0.673333 0.383333 0.080000 0.160000
2 0.816667 0.550000 0.126667 0.146667
2 0.853333 0.435000 0.113333 0.136667
2 0.388333 0.620000 0.116667 0.153333
2 0.271667 0.341667 0.103333 0.163333
2 0.338333 0.438333 0.090000 0.136667
2 0.328333 0.563333 0.083333 0.146667
2 0.505000 0.801667 0.090000 0.130000
2 0.326667 0.933333 0.120000 0.133333
2 0.456667 0.210000 0.086667 0.120000
2 0.091667 0.805000 0.123333 0.150000
2 0.900000 0.915000 0.146667 0.136667
2 0.821667 0.343333 0.116667 0.100000
2 0.555000 0.241667 0.076667 0.103333
2 0.060000 0.318333 0.113333 0.103333
2 0.106667 0.688333 0.106667 0.103333
2 0.245000 0.828333 0.116667 0.136667
2 0.706667 0.733333 0.106667 0.120000
2 0.623333 0.208333 0.106667 0.096667
2 0.618333 0.271667 0.103333 0.096667
2 0.050000 0.178333 0.093333 0.103333
2 0.736667 0.085000 0.073333 0.103333
2 0.301667 0.093333 0.116667 0.093333
2 0.396667 0.326667 0.126667 0.093333
2 0.398333 0.401667 0.070000 0.143333
2 0.588333 0.581667 0.096667 0.143333
2 0.478333 0.718333 0.096667 0.123333
2 0.746667 0.958333 0.126667 0.083333
2 0.645000 0.955000 0.116667 0.090000
2 0.068333 0.418333 0.090000 0.116667
2 0.138333 0.165000 0.083333 0.110000
2 0.978333 0.643333 0.043333 0.133333
2 0.068333 0.913333 0.123333 0.113333
2 0.113333 0.606667 0.120000 0.100000
