2 0.333333 0.446667 0.433333 0.633333
2 0.676667 0.485000 0.346667 0.576667
2 0.091667 0.343333 0.150000 0.140000
2 0.906667 0.415000 0.153333 0.196667
2 0.938333 0.535000 0.123333 0.210000
2 0.901667 0.746667 0.163333 0.213333
2 0.830000 0.928333 0.200000 0.143333
2 0.765000 0.183333 0.136667 0.166667
2 0.710000 0.098333 0.120000 0.176667
2 0.593333 0.133333 0.120000 0.160000
2 0.143333 0.100000 0.153333 0.166667
2 0.078333 0.250000 0.150000 0.146667
2 0.426667 0.105000 0.126667 0.183333
2 0.540000 0.085000 0.126667 0.156667
