2 0.853333 0.618333 0.133333 0.283333
2 0.873333 0.476667 0.126667 0.306667
2 0.716667 0.421667 0.153333 0.323333
2 0.683333 0.571667 0.126667 0.236667
2 0.725000 0.733333 0.123333 0.206667
2 0.558333 0.345000 0.143333 0.350000
2 0.581667 0.788333 0.150000 0.210000
2 0.435000 0.800000 0.143333 0.186667
2 0.290000 0.735000 0.166667 0.236667
2 0.316667 0.551667 0.140000 0.283333
2 0.161667 0.605000 0.143333 0.276667
2 0.406667 0.345000 0.146667 0.336667
2 0.260000 0.421667 0.153333 0.323333
2 0.110000 0.473333 0.166667 0.340000
