9 0.956667 0.513333 0.080000 0.860000
9 0.898333 0.493333 0.076667 0.900000
9 0.843333 0.500000 0.066667 0.893333
9 0.788333 0.510000 0.063333 0.880000
9 0.731667 0.460000 0.056667 0.746667
9 0.681667 0.410000 0.050000 0.553333
9 0.633333 0.253333 0.046667 0.446667
9 0.578333 0.270000 0.050000 0.480000
9 0.525000 0.325000 0.056667 0.636667
9 0.481667 0.216667 0.056667 0.400000
9 0.431667 0.153333 0.056667 0.266667
9 0.358333 0.360000 0.096667 0.660000
9 0.323333 0.330000 0.073333 0.646667
9 0.033333 0.200000 0.060000 0.393333
9 0.080000 0.196667 0.060000 0.386667
9 0.265000 0.303333 0.090000 0.580000
9 0.220000 0.266667 0.100000 0.526667
9 0.173333 0.248333 0.086667 0.470000
