9 0.801667 0.590000 0.130000 0.253333
9 0.483333 0.805000 0.733333 0.076667
9 0.495000 0.766667 0.690000 0.120000
9 0.458333 0.721667 0.570000 0.130000
9 0.461667 0.686667 0.443333 0.140000
9 0.466667 0.645000 0.326667 0.130000
9 0.481667 0.615000 0.276667 0.130000
9 0.540000 0.590000 0.240000 0.133333
9 0.586667 0.561667 0.180000 0.123333
9 0.640000 0.546667 0.120000 0.126667
9 0.720000 0.570000 0.140000 0.206667
9 0.575000 0.268333 0.103333 0.176667
9 0.736667 0.390000 0.260000 0.100000
9 0.255000 0.391667 0.236667 0.130000
9 0.428333 0.265000 0.116667 0.196667
9 0.613333 0.288333 0.133333 0.176667
9 0.353333 0.308333 0.166667 0.190000
