9 0.288333 0.668333 0.356667 0.323333
9 0.186667 0.383333 0.200000 0.420000
9 0.853333 0.236667 0.186667 0.466667
9 0.381667 0.431667 0.356667 0.090000
9 0.861667 0.841667 0.276667 0.083333
9 0.635000 0.128333 0.150000 0.250000
9 0.295000 0.115000 0.136667 0.223333
9 0.288333 0.868333 0.156667 0.256667
9 0.093333 0.280000 0.180000 0.113333
9 0.065000 0.676667 0.123333 0.220000
9 0.853333 0.555000 0.260000 0.130000
9 0.573333 0.330000 0.213333 0.140000
9 0.360000 0.288333 0.266667 0.156667
9 0.665000 0.700000 0.243333 0.193333
9 0.433333 0.650000 0.333333 0.293333
9 0.843333 0.760000 0.193333 0.246667
9 0.495000 0.165000 0.370000 0.290000
9 0.138333 0.925000 0.143333 0.150000
9 0.891667 0.945000 0.216667 0.103333
9 0.681667 0.941667 0.190000 0.116667
9 0.498333 0.500000 0.990000 0.993333
