9 0.493333 0.648333 0.046667 0.390000
9 0.446667 0.648333 0.060000 0.390000
9 0.825000 0.651667 0.056667 0.396667
9 0.788333 0.643333 0.050000 0.406667
9 0.160000 0.641667 0.046667 0.390000
9 0.111667 0.643333 0.056667 0.406667
9 0.746667 0.640000 0.040000 0.393333
9 0.530000 0.660000 0.040000 0.386667
9 0.406667 0.641667 0.040000 0.390000
9 0.705000 0.646667 0.043333 0.400000
9 0.670000 0.656667 0.046667 0.393333
9 0.635000 0.653333 0.043333 0.393333
9 0.600000 0.656667 0.040000 0.393333
9 0.565000 0.656667 0.030000 0.406667
9 0.375000 0.645000 0.043333 0.396667
9 0.338333 0.646667 0.043333 0.386667
9 0.303333 0.643333 0.040000 0.393333
9 0.265000 0.655000 0.036667 0.383333
9 0.228333 0.641667 0.030000 0.403333
9 0.196667 0.645000 0.046667 0.396667
