3 0.201667 0.903333 0.163333 0.193333
3 0.353333 0.865000 0.146667 0.270000
3 0.571667 0.808333 0.230000 0.303333
3 0.630000 0.625000 0.173333 0.310000
3 0.720000 0.843333 0.206667 0.246667
3 0.885000 0.883333 0.150000 0.226667
3 0.105000 0.825000 0.203333 0.216667
3 0.118333 0.615000 0.230000 0.243333
3 0.323333 0.580000 0.213333 0.333333
3 0.211667 0.170000 0.243333 0.280000
3 0.130000 0.293333 0.200000 0.240000
3 0.545000 0.178333 0.170000 0.176667
3 0.395000 0.293333 0.170000 0.253333
3 0.621667 0.318333 0.156667 0.243333
3 0.783333 0.518333 0.193333 0.330000
3 0.931667 0.383333 0.136667 0.273333
3 0.703333 0.100000 0.140000 0.193333
3 0.808333 0.186667 0.110000 0.273333
3 0.460000 0.500000 0.193333 0.286667
