3 0.150000 0.078333 0.080000 0.136667
3 0.225000 0.101667 0.063333 0.136667
3 0.288333 0.128333 0.070000 0.130000
3 0.348333 0.151667 0.070000 0.130000
3 0.406667 0.176667 0.060000 0.126667
3 0.453333 0.195000 0.060000 0.123333
3 0.505000 0.208333 0.056667 0.130000
3 0.418333 0.065000 0.063333 0.110000
3 0.470000 0.090000 0.053333 0.106667
3 0.518333 0.116667 0.056667 0.093333
3 0.231667 0.825000 0.043333 0.123333
3 0.276667 0.820000 0.040000 0.113333
3 0.136667 0.330000 0.073333 0.166667
3 0.121667 0.473333 0.076667 0.160000
3 0.193333 0.486667 0.073333 0.146667
3 0.206667 0.345000 0.073333 0.156667
3 0.270000 0.361667 0.073333 0.156667
3 0.260000 0.496667 0.066667 0.140000
3 0.100000 0.736667 0.053333 0.133333
3 0.331667 0.375000 0.063333 0.143333
3 0.318333 0.506667 0.063333 0.126667
3 0.386667 0.390000 0.060000 0.133333
3 0.371667 0.510000 0.056667 0.120000
3 0.436667 0.401667 0.060000 0.130000
3 0.423333 0.518333 0.060000 0.123333
3 0.483333 0.408333 0.053333 0.123333
3 0.470000 0.520000 0.046667 0.113333
3 0.676667 0.200000 0.053333 0.100000
3 0.665000 0.450000 0.050000 0.100000
3 0.651667 0.548333 0.050000 0.103333
6 0.501667 0.618333 0.083333 0.136667
6 0.593333 0.433333 0.046667 0.113333
6 0.546667 0.531667 0.040000 0.110000
6 0.583333 0.540000 0.040000 0.106667
