3 0.156667 0.178333 0.100000 0.190000
3 0.255000 0.180000 0.096667 0.186667
3 0.363333 0.181667 0.120000 0.190000
3 0.481667 0.180000 0.116667 0.193333
3 0.600000 0.181667 0.120000 0.210000
3 0.720000 0.183333 0.120000 0.206667
3 0.150000 0.475000 0.100000 0.190000
3 0.256667 0.478333 0.113333 0.183333
3 0.365000 0.481667 0.110000 0.190000
3 0.476667 0.490000 0.113333 0.193333
3 0.590000 0.498333 0.113333 0.203333
3 0.706667 0.500000 0.120000 0.193333
3 0.155000 0.761667 0.110000 0.190000
3 0.261667 0.775000 0.110000 0.196667
3 0.368333 0.778333 0.110000 0.196667
3 0.473333 0.790000 0.106667 0.193333
3 0.586667 0.800000 0.113333 0.200000
3 0.700000 0.806667 0.113333 0.200000
