3 0.801667 0.340000 0.170000 0.200000
3 0.806667 0.523333 0.160000 0.186667
3 0.670000 0.745000 0.160000 0.236667
3 0.806667 0.716667 0.140000 0.220000
3 0.678333 0.913333 0.156667 0.173333
3 0.815000 0.903333 0.123333 0.193333
3 0.278333 0.458333 0.176667 0.196667
3 0.448333 0.710000 0.163333 0.253333
3 0.298333 0.616667 0.163333 0.180000
3 0.310000 0.778333 0.153333 0.170000
3 0.323333 0.913333 0.146667 0.173333
3 0.466667 0.906667 0.153333 0.186667
3 0.180000 0.406667 0.126667 0.153333
3 0.158333 0.253333 0.150000 0.200000
3 0.695000 0.290000 0.116667 0.173333
3 0.571667 0.496667 0.156667 0.233333
3 0.501667 0.288333 0.123333 0.216667
3 0.266667 0.081667 0.126667 0.156667
3 0.310000 0.350000 0.153333 0.193333
3 0.611667 0.096667 0.123333 0.186667
3 0.436667 0.075000 0.106667 0.143333
