3 0.145000 0.238333 0.150000 0.350000
3 0.291667 0.228333 0.143333 0.356667
3 0.436667 0.231667 0.133333 0.376667
3 0.576667 0.221667 0.133333 0.356667
3 0.693333 0.226667 0.113333 0.340000
3 0.165000 0.613333 0.170000 0.400000
3 0.331667 0.575000 0.163333 0.403333
3 0.483333 0.551667 0.146667 0.383333
3 0.618333 0.546667 0.136667 0.366667
3 0.746667 0.528333 0.120000 0.350000
3 0.820000 0.838333 0.166667 0.323333
3 0.673333 0.853333 0.140000 0.286667
3 0.526667 0.861667 0.146667 0.270000
3 0.363333 0.880000 0.153333 0.240000
3 0.183333 0.893333 0.173333 0.213333
