3 0.278333 0.238333 0.083333 0.210000
3 0.390000 0.191667 0.140000 0.163333
3 0.393333 0.315000 0.140000 0.130000
3 0.545000 0.298333 0.143333 0.150000
3 0.540000 0.171667 0.086667 0.176667
3 0.730000 0.265000 0.146667 0.203333
3 0.785000 0.586667 0.103333 0.240000
3 0.770000 0.803333 0.106667 0.233333
3 0.630000 0.591667 0.113333 0.136667
3 0.631667 0.726667 0.123333 0.193333
3 0.631667 0.858333 0.130000 0.130000
3 0.150000 0.760000 0.100000 0.246667
3 0.223333 0.811667 0.106667 0.250000
3 0.336667 0.803333 0.113333 0.246667
3 0.276667 0.648333 0.113333 0.103333
3 0.415000 0.723333 0.110000 0.253333
3 0.468333 0.830000 0.143333 0.193333
