3 0.368333 0.141667 0.103333 0.163333
3 0.488333 0.350000 0.083333 0.166667
3 0.481667 0.485000 0.070000 0.103333
3 0.300000 0.595000 0.080000 0.176667
3 0.311667 0.730000 0.063333 0.100000
3 0.386667 0.728333 0.080000 0.116667
3 0.396667 0.598333 0.093333 0.156667
3 0.250000 0.348333 0.080000 0.170000
3 0.251667 0.476667 0.070000 0.106667
3 0.370000 0.386667 0.160000 0.273333
3 0.670000 0.385000 0.100000 0.123333
3 0.775000 0.563333 0.083333 0.160000
3 0.555000 0.525000 0.076667 0.150000
3 0.691667 0.915000 0.070000 0.116667
3 0.600000 0.876667 0.080000 0.080000
3 0.611667 0.770000 0.076667 0.140000
3 0.700000 0.788333 0.086667 0.163333
3 0.658333 0.588333 0.163333 0.256667
3 0.778333 0.695000 0.063333 0.116667
3 0.540000 0.630000 0.053333 0.086667
