3 0.935000 0.211667 0.083333 0.203333
3 0.856667 0.215000 0.066667 0.203333
3 0.781667 0.206667 0.076667 0.200000
3 0.701667 0.210000 0.076667 0.200000
3 0.701667 0.390000 0.076667 0.166667
3 0.781667 0.390000 0.076667 0.166667
3 0.856667 0.393333 0.073333 0.166667
3 0.933333 0.391667 0.080000 0.163333
3 0.613333 0.388333 0.080000 0.170000
3 0.535000 0.405000 0.070000 0.136667
3 0.460000 0.403333 0.073333 0.140000
3 0.525000 0.270000 0.063333 0.133333
3 0.458333 0.273333 0.070000 0.126667
3 0.951667 0.668333 0.076667 0.170000
3 0.871667 0.668333 0.076667 0.170000
3 0.791667 0.666667 0.076667 0.173333
3 0.711667 0.666667 0.076667 0.173333
3 0.631667 0.666667 0.076667 0.173333
3 0.555000 0.666667 0.076667 0.173333
3 0.951667 0.835000 0.076667 0.156667
3 0.873333 0.835000 0.080000 0.156667
3 0.793333 0.835000 0.080000 0.156667
3 0.713333 0.833333 0.080000 0.160000
3 0.633333 0.836667 0.080000 0.160000
3 0.555000 0.836667 0.076667 0.160000
3 0.471667 0.666667 0.076667 0.173333
3 0.391667 0.663333 0.076667 0.173333
3 0.393333 0.835000 0.080000 0.170000
6 0.310000 0.821667 0.080000 0.196667
6 0.348333 0.396667 0.090000 0.146667
6 0.251667 0.390000 0.090000 0.160000
