3 0.105000 0.738333 0.203333 0.316667
3 0.365000 0.798333 0.303333 0.403333
3 0.548333 0.711667 0.270000 0.330000
3 0.778333 0.846667 0.236667 0.306667
3 0.926667 0.785000 0.146667 0.376667
3 0.763333 0.531667 0.193333 0.270000
3 0.666667 0.360000 0.220000 0.206667
3 0.133333 0.420000 0.260000 0.333333
3 0.245000 0.181667 0.150000 0.230000
3 0.546667 0.158333 0.206667 0.270000
3 0.665000 0.106667 0.210000 0.206667
3 0.853333 0.288333 0.153333 0.236667
3 0.751667 0.206667 0.156667 0.246667
3 0.366667 0.078333 0.206667 0.150000
3 0.436667 0.201667 0.220000 0.183333
3 0.335000 0.328333 0.136667 0.203333
3 0.070000 0.281667 0.133333 0.110000
3 0.110000 0.205000 0.133333 0.136667
3 0.961667 0.396667 0.076667 0.300000
