5 0.466667 0.355000 0.246667 0.216667
5 0.451667 0.756667 0.256667 0.280000
5 0.615000 0.191667 0.263333 0.196667
5 0.356667 0.188333 0.273333 0.190000
5 0.755000 0.360000 0.223333 0.186667
5 0.195000 0.356667 0.216667 0.186667
5 0.351667 0.536667 0.230000 0.200000
5 0.571667 0.540000 0.223333 0.200000
5 0.770000 0.526667 0.193333 0.180000
5 0.768333 0.690000 0.190000 0.180000
5 0.175000 0.526667 0.150000 0.173333
5 0.175000 0.683333 0.150000 0.200000
5 0.866667 0.285000 0.246667 0.203333
5 0.918333 0.473333 0.136667 0.193333
5 0.911667 0.653333 0.130000 0.186667
5 0.120000 0.285000 0.233333 0.196667
5 0.056667 0.471667 0.100000 0.183333
5 0.065000 0.646667 0.096667 0.193333
