5 0.101667 0.125000 0.196667 0.243333
5 0.355000 0.140000 0.316667 0.266667
5 0.100000 0.380000 0.193333 0.273333
5 0.343333 0.411667 0.313333 0.283333
5 0.101667 0.631667 0.196667 0.250000
5 0.343333 0.643333 0.293333 0.300000
5 0.101667 0.853333 0.196667 0.220000
5 0.336667 0.860000 0.280000 0.266667
5 0.750000 0.780000 0.393333 0.440000
5 0.906667 0.275000 0.186667 0.410000
5 0.953333 0.686667 0.086667 0.626667
5 0.866667 0.540000 0.146667 0.306667
5 0.785000 0.300000 0.130000 0.353333
5 0.765000 0.541667 0.090000 0.330000
5 0.626667 0.485000 0.220000 0.230000
