5 0.533333 0.678333 0.486667 0.296667
5 0.573333 0.315000 0.186667 0.190000
5 0.426667 0.188333 0.086667 0.103333
5 0.508333 0.190000 0.083333 0.100000
5 0.590000 0.191667 0.086667 0.103333
5 0.666667 0.190000 0.086667 0.100000
5 0.750000 0.193333 0.086667 0.106667
5 0.740000 0.315000 0.066667 0.136667
5 0.411667 0.296667 0.070000 0.106667
5 0.831667 0.308333 0.116667 0.130000
5 0.728333 0.435000 0.076667 0.123333
5 0.725000 0.546667 0.076667 0.106667
5 0.521667 0.440000 0.076667 0.113333
5 0.591667 0.446667 0.070000 0.106667
5 0.591667 0.526667 0.083333 0.080000
5 0.526667 0.518333 0.066667 0.076667
