5 0.416667 0.893333 0.186667 0.213333
5 0.078333 0.533333 0.136667 0.173333
5 0.265000 0.430000 0.103333 0.160000
5 0.590000 0.526667 0.133333 0.186667
5 0.751667 0.850000 0.110000 0.133333
5 0.835000 0.898333 0.116667 0.130000
5 0.105000 0.741667 0.130000 0.143333
5 0.081667 0.850000 0.130000 0.153333
5 0.233333 0.765000 0.153333 0.203333
5 0.646667 0.333333 0.133333 0.153333
5 0.735000 0.201667 0.103333 0.136667
5 0.415000 0.115000 0.096667 0.123333
5 0.420000 0.193333 0.140000 0.080000
5 0.035000 0.343333 0.063333 0.093333
5 0.081667 0.385000 0.096667 0.123333
5 0.141667 0.290000 0.103333 0.120000
5 0.288333 0.105000 0.070000 0.103333
5 0.433333 0.691667 0.106667 0.136667
5 0.341667 0.703333 0.090000 0.173333
