5 0.211667 0.100000 0.163333 0.193333
5 0.358333 0.135000 0.143333 0.243333
5 0.141667 0.840000 0.183333 0.313333
5 0.053333 0.318333 0.086667 0.250000
5 0.905000 0.736667 0.190000 0.386667
5 0.710000 0.351667 0.186667 0.296667
5 0.643333 0.648333 0.313333 0.316667
5 0.478333 0.833333 0.236667 0.333333
5 0.303333 0.936667 0.193333 0.126667
5 0.861667 0.608333 0.156667 0.330000
5 0.863333 0.470000 0.180000 0.260000
5 0.500000 0.276667 0.153333 0.220000
5 0.595000 0.181667 0.170000 0.216667
5 0.745000 0.131667 0.156667 0.230000
5 0.931667 0.115000 0.136667 0.223333
5 0.550000 0.406667 0.206667 0.246667
