5 0.121667 0.413333 0.236667 0.433333
5 0.116667 0.620000 0.226667 0.233333
5 0.270000 0.730000 0.226667 0.133333
5 0.345000 0.633333 0.150000 0.153333
5 0.573333 0.676667 0.266667 0.240000
5 0.306667 0.520000 0.140000 0.213333
5 0.358333 0.386667 0.230000 0.253333
5 0.463333 0.526667 0.166667 0.226667
5 0.623333 0.563333 0.213333 0.213333
5 0.865000 0.681667 0.270000 0.270000
5 0.528333 0.408333 0.143333 0.150000
5 0.730000 0.493333 0.300000 0.260000
5 0.921667 0.566667 0.156667 0.246667
5 0.671667 0.343333 0.256667 0.140000
5 0.901667 0.380000 0.196667 0.226667
