5 0.668333 0.085000 0.136667 0.136667
5 0.350000 0.200000 0.260000 0.140000
5 0.665000 0.178333 0.203333 0.083333
5 0.656667 0.296667 0.353333 0.193333
5 0.348333 0.381667 0.316667 0.256667
5 0.301667 0.468333 0.183333 0.136667
5 0.475000 0.455000 0.130000 0.116667
5 0.775000 0.468333 0.170000 0.123333
5 0.680000 0.478333 0.326667 0.230000
5 0.778333 0.618333 0.216667 0.230000
5 0.500000 0.585000 0.266667 0.196667
5 0.220000 0.610000 0.213333 0.166667
5 0.196667 0.786667 0.320000 0.273333
5 0.326667 0.861667 0.240000 0.203333
5 0.496667 0.721667 0.320000 0.150000
5 0.526667 0.781667 0.166667 0.163333
5 0.516667 0.901667 0.233333 0.170000
5 0.783333 0.630000 0.333333 0.173333
5 0.763333 0.833333 0.380000 0.293333
