5 0.106667 0.086667 0.206667 0.166667
5 0.925000 0.196667 0.150000 0.373333
5 0.541667 0.858333 0.250000 0.283333
5 0.295000 0.256667 0.183333 0.206667
5 0.103333 0.265000 0.193333 0.183333
5 0.098333 0.453333 0.183333 0.206667
5 0.291667 0.448333 0.183333 0.176667
5 0.446667 0.070000 0.146667 0.113333
5 0.471667 0.275000 0.176667 0.203333
5 0.475000 0.455000 0.176667 0.176667
5 0.113333 0.660000 0.220000 0.213333
5 0.305000 0.645000 0.183333 0.216667
5 0.483333 0.631667 0.180000 0.190000
5 0.630000 0.295000 0.140000 0.163333
5 0.775000 0.233333 0.156667 0.346667
5 0.766667 0.550000 0.146667 0.306667
5 0.891667 0.576667 0.116667 0.366667
5 0.806667 0.856667 0.286667 0.280000
