0 0.075000 0.245000 0.090000 0.183333
0 0.716667 0.305000 0.073333 0.190000
0 0.775000 0.788333 0.243333 0.163333
0 0.203333 0.763333 0.113333 0.086667
0 0.326667 0.861667 0.126667 0.170000
0 0.506667 0.866667 0.153333 0.060000
0 0.690000 0.908333 0.066667 0.170000
0 0.866667 0.851667 0.186667 0.116667
0 0.615000 0.826667 0.096667 0.140000
0 0.540000 0.946667 0.080000 0.100000
0 0.058333 0.751667 0.063333 0.110000
0 0.480000 0.728333 0.106667 0.083333
0 0.718333 0.663333 0.170000 0.060000
0 0.146667 0.926667 0.160000 0.060000
0 0.216667 0.900000 0.133333 0.166667
0 0.058333 0.551667 0.076667 0.136667
0 0.215000 0.265000 0.096667 0.130000
0 0.261667 0.221667 0.123333 0.136667
0 0.105000 0.418333 0.130000 0.123333
0 0.556667 0.526667 0.073333 0.120000
0 0.771667 0.488333 0.090000 0.083333
0 0.498333 0.536667 0.070000 0.066667
0 0.123333 0.595000 0.080000 0.110000
