0 0.946667 0.375000 0.093333 0.436667
0 0.773333 0.306667 0.106667 0.573333
0 0.685000 0.335000 0.103333 0.503333
0 0.516667 0.331667 0.093333 0.496667
0 0.366667 0.348333 0.080000 0.463333
0 0.281667 0.303333 0.096667 0.560000
0 0.205000 0.336667 0.083333 0.480000
0 0.135000 0.336667 0.076667 0.486667
0 0.943333 0.795000 0.100000 0.410000
0 0.855000 0.796667 0.083333 0.393333
0 0.781667 0.813333 0.070000 0.373333
0 0.543333 0.790000 0.086667 0.420000
0 0.383333 0.785000 0.106667 0.403333
0 0.300000 0.800000 0.080000 0.400000
0 0.141667 0.788333 0.096667 0.423333
