0 0.836667 0.735000 0.193333 0.170000
0 0.876667 0.926667 0.200000 0.146667
0 0.623333 0.818333 0.266667 0.323333
0 0.561667 0.646667 0.243333 0.266667
0 0.265000 0.941667 0.196667 0.116667
0 0.070000 0.823333 0.133333 0.166667
0 0.295000 0.773333 0.276667 0.173333
0 0.310000 0.860000 0.166667 0.200000
0 0.093333 0.701667 0.180000 0.183333
0 0.300000 0.635000 0.200000 0.150000
0 0.415000 0.673333 0.183333 0.300000
0 0.653333 0.381667 0.093333 0.236667
0 0.655000 0.503333 0.130000 0.153333
0 0.560000 0.161667 0.153333 0.116667
0 0.848333 0.440000 0.070000 0.173333
0 0.790000 0.455000 0.073333 0.143333
0 0.475000 0.433333 0.183333 0.166667
0 0.753333 0.571667 0.053333 0.136667
0 0.241667 0.516667 0.150000 0.180000
0 0.120000 0.535000 0.113333 0.103333
0 0.146667 0.310000 0.073333 0.280000
0 0.528333 0.293333 0.176667 0.126667
0 0.068333 0.365000 0.090000 0.163333
0 0.226667 0.388333 0.060000 0.150000
0 0.073333 0.275000 0.106667 0.116667
0 0.043333 0.111667 0.080000 0.210000
0 0.435000 0.220000 0.190000 0.126667
0 0.351667 0.111667 0.196667 0.110000
0 0.171667 0.100000 0.143333 0.166667
