2 0.663333 0.166667 0.126667 0.240000
2 0.545000 0.165000 0.123333 0.243333
2 0.421667 0.163333 0.116667 0.233333
2 0.300000 0.161667 0.126667 0.236667
2 0.738333 0.390000 0.123333 0.246667
2 0.618333 0.393333 0.123333 0.240000
2 0.495000 0.391667 0.123333 0.236667
2 0.373333 0.386667 0.120000 0.240000
2 0.253333 0.386667 0.126667 0.240000
2 0.796667 0.606667 0.120000 0.246667
2 0.678333 0.613333 0.123333 0.233333
2 0.561667 0.611667 0.116667 0.230000
2 0.441667 0.611667 0.130000 0.236667
2 0.316667 0.610000 0.126667 0.233333
2 0.195000 0.608333 0.123333 0.243333
2 0.853333 0.826667 0.126667 0.253333
2 0.736667 0.833333 0.126667 0.233333
2 0.616667 0.836667 0.126667 0.233333
2 0.495000 0.836667 0.130000 0.240000
2 0.373333 0.835000 0.120000 0.243333
2 0.255000 0.830000 0.123333 0.233333
2 0.138333 0.821667 0.123333 0.250000
