0 0.083333 0.236667 0.160000 0.400000
0 0.213333 0.283333 0.140000 0.313333
0 0.345000 0.213333 0.123333 0.420000
0 0.468333 0.260000 0.116667 0.340000
0 0.585000 0.265000 0.103333 0.316667
0 0.686667 0.258333 0.093333 0.310000
0 0.770000 0.278333 0.073333 0.263333
0 0.853333 0.290000 0.086667 0.240000
0 0.936667 0.326667 0.093333 0.166667
0 0.340000 0.911667 0.066667 0.150000
0 0.456667 0.916667 0.053333 0.120000
0 0.320000 0.703333 0.140000 0.313333
0 0.438333 0.783333 0.076667 0.213333
0 0.553333 0.741667 0.140000 0.290000
0 0.478333 0.623333 0.156667 0.286667
0 0.623333 0.656667 0.100000 0.313333
0 0.776667 0.640000 0.166667 0.266667
0 0.966667 0.835000 0.066667 0.210000
