0 0.371667 0.838333 0.103333 0.310000
0 0.488333 0.831667 0.130000 0.163333
0 0.210000 0.793333 0.106667 0.193333
0 0.091667 0.790000 0.170000 0.153333
0 0.751667 0.898333 0.216667 0.203333
0 0.631667 0.858333 0.163333 0.136667
0 0.115000 0.576667 0.216667 0.293333
0 0.686667 0.553333 0.140000 0.106667
0 0.785000 0.546667 0.116667 0.186667
0 0.400000 0.623333 0.086667 0.126667
0 0.525000 0.466667 0.170000 0.140000
0 0.281667 0.940000 0.130000 0.120000
0 0.880000 0.735000 0.206667 0.123333
0 0.906667 0.618333 0.120000 0.130000
0 0.563333 0.635000 0.093333 0.116667
0 0.843333 0.338333 0.073333 0.176667
0 0.795000 0.443333 0.116667 0.106667
