2 0.561667 0.211667 0.143333 0.223333
2 0.396667 0.210000 0.140000 0.213333
2 0.240000 0.211667 0.140000 0.216667
2 0.571667 0.473333 0.136667 0.213333
2 0.420000 0.471667 0.133333 0.216667
2 0.265000 0.470000 0.136667 0.213333
2 0.110000 0.471667 0.133333 0.216667
2 0.213333 0.918333 0.086667 0.136667
2 0.130000 0.916667 0.093333 0.140000
2 0.076667 0.885000 0.086667 0.136667
2 0.425000 0.896667 0.083333 0.133333
2 0.495000 0.918333 0.096667 0.136667
2 0.586667 0.786667 0.106667 0.120000
2 0.605000 0.898333 0.103333 0.163333
2 0.931667 0.913333 0.130000 0.166667
2 0.813333 0.895000 0.126667 0.163333
2 0.878333 0.795000 0.110000 0.110000
