7 0.080000 0.210000 0.100000 0.300000
7 0.188333 0.451667 0.103333 0.350000
7 0.310000 0.545000 0.100000 0.356667
7 0.453333 0.648333 0.093333 0.390000
7 0.565000 0.748333 0.143333 0.430000
7 0.700000 0.583333 0.080000 0.453333
7 0.783333 0.403333 0.080000 0.453333
7 0.893333 0.293333 0.080000 0.453333
7 0.800000 0.825000 0.093333 0.343333
7 0.540000 0.488333 0.126667 0.356667
7 0.433333 0.406667 0.080000 0.393333
7 0.606667 0.206667 0.080000 0.346667
7 0.525000 0.301667 0.056667 0.370000
7 0.960000 0.190000 0.080000 0.346667
7 0.203333 0.140000 0.086667 0.273333
2 0.310000 0.808333 0.180000 0.383333
7 0.203333 0.140000 0.086667 0.273333
2 0.220000 0.711667 0.180000 0.383333
2 0.443333 0.855000 0.180000 0.290000
