0 0.936667 0.641667 0.073333 0.430000
0 0.893333 0.603333 0.066667 0.413333
0 0.811667 0.620000 0.076667 0.420000
0 0.731667 0.535000 0.076667 0.550000
0 0.648333 0.551667 0.076667 0.490000
0 0.566667 0.545000 0.093333 0.490000
0 0.481667 0.555000 0.083333 0.470000
0 0.386667 0.591667 0.093333 0.416667
0 0.288333 0.561667 0.076667 0.516667
0 0.211667 0.650000 0.070000 0.393333
0 0.130000 0.660000 0.100000 0.420000
0 0.081667 0.583333 0.103333 0.473333
0 0.166667 0.418333 0.080000 0.343333
0 0.253333 0.366667 0.086667 0.366667
0 0.343333 0.411667 0.093333 0.690000
0 0.443333 0.276667 0.086667 0.413333
0 0.535000 0.230000 0.096667 0.420000
0 0.623333 0.238333 0.086667 0.343333
0 0.730000 0.243333 0.086667 0.360000
0 0.820000 0.425000 0.093333 0.436667
