0 0.931667 0.600000 0.103333 0.193333
0 0.853333 0.595000 0.093333 0.203333
0 0.763333 0.545000 0.100000 0.310000
0 0.660000 0.520000 0.126667 0.340000
0 0.523333 0.490000 0.153333 0.400000
0 0.381667 0.546667 0.123333 0.313333
0 0.248333 0.515000 0.163333 0.370000
0 0.095000 0.521667 0.176667 0.356667
0 0.185000 0.913333 0.090000 0.173333
0 0.351667 0.915000 0.076667 0.170000
0 0.801667 0.910000 0.090000 0.180000
0 0.713333 0.886667 0.093333 0.226667
0 0.886667 0.953333 0.080000 0.093333
0 0.633333 0.903333 0.086667 0.193333
0 0.425000 0.906667 0.076667 0.186667
0 0.901667 0.861667 0.076667 0.270000
0 0.823333 0.825000 0.100000 0.190000
0 0.493333 0.936667 0.060000 0.120000
0 0.061667 0.878333 0.083333 0.143333
0 0.113333 0.923333 0.073333 0.153333
0 0.218333 0.831667 0.063333 0.090000
0 0.496667 0.870000 0.066667 0.133333
