8 0.060000 0.246667 0.100000 0.480000
8 0.163333 0.246667 0.100000 0.480000
8 0.276667 0.243333 0.100000 0.480000
8 0.386667 0.243333 0.100000 0.480000
8 0.503333 0.246667 0.100000 0.480000
8 0.610000 0.243333 0.100000 0.480000
8 0.730000 0.243333 0.100000 0.480000
8 0.840000 0.243333 0.100000 0.480000
8 0.943333 0.241667 0.100000 0.476667
8 0.063333 0.746667 0.100000 0.480000
8 0.163333 0.740000 0.100000 0.480000
8 0.280000 0.753333 0.100000 0.480000
8 0.393333 0.753333 0.100000 0.480000
8 0.503333 0.753333 0.100000 0.480000
8 0.613333 0.756667 0.100000 0.480000
8 0.723333 0.753333 0.100000 0.480000
8 0.836667 0.756667 0.100000 0.480000
8 0.950000 0.750000 0.100000 0.480000
