0 0.640000 0.436667 0.113333 0.306667
0 0.925000 0.348333 0.130000 0.303333
0 0.715000 0.558333 0.190000 0.190000
0 0.765000 0.625000 0.143333 0.203333
0 0.245000 0.758333 0.110000 0.143333
0 0.633333 0.805000 0.153333 0.296667
0 0.546667 0.460000 0.120000 0.120000
0 0.375000 0.870000 0.130000 0.220000
0 0.433333 0.940000 0.200000 0.113333
0 0.823333 0.831667 0.186667 0.336667
0 0.936667 0.606667 0.126667 0.246667
0 0.683333 0.223333 0.053333 0.140000
0 0.925000 0.096667 0.143333 0.186667
0 0.796667 0.423333 0.106667 0.140000
0 0.463333 0.248333 0.086667 0.103333
0 0.496667 0.605000 0.106667 0.123333
0 0.491667 0.723333 0.150000 0.146667
0 0.875000 0.238333 0.056667 0.116667
0 0.435000 0.508333 0.103333 0.070000
0 0.335000 0.598333 0.036667 0.143333
0 0.390000 0.638333 0.100000 0.130000
0 0.540000 0.113333 0.080000 0.120000
0 0.610000 0.256667 0.100000 0.073333
0 0.383333 0.421667 0.060000 0.063333
