0 0.620000 0.405000 0.220000 0.136667
0 0.728333 0.581667 0.096667 0.296667
0 0.883333 0.561667 0.153333 0.136667
0 0.598333 0.320000 0.210000 0.080000
0 0.546667 0.805000 0.133333 0.250000
0 0.760000 0.823333 0.120000 0.253333
0 0.836667 0.918333 0.173333 0.143333
0 0.473333 0.581667 0.086667 0.256667
0 0.645000 0.703333 0.196667 0.213333
0 0.375000 0.838333 0.243333 0.310000
0 0.460000 0.883333 0.093333 0.180000
0 0.123333 0.865000 0.240000 0.256667
0 0.160000 0.951667 0.166667 0.096667
0 0.306667 0.938333 0.120000 0.123333
0 0.308333 0.791667 0.176667 0.350000
0 0.203333 0.663333 0.206667 0.286667
0 0.146667 0.460000 0.220000 0.146667
0 0.150000 0.346667 0.226667 0.146667
0 0.406667 0.471667 0.100000 0.216667
0 0.350000 0.501667 0.106667 0.250000
0 0.318333 0.375000 0.190000 0.203333
0 0.240000 0.281667 0.100000 0.176667
0 0.408333 0.146667 0.176667 0.100000
0 0.960000 0.390000 0.080000 0.120000
0 0.776667 0.306667 0.133333 0.120000
0 0.616667 0.165000 0.073333 0.096667
