0 0.745000 0.400000 0.176667 0.400000
0 0.075000 0.378333 0.143333 0.403333
0 0.198333 0.360000 0.143333 0.426667
0 0.305000 0.218333 0.190000 0.370000
0 0.311667 0.700000 0.156667 0.333333
0 0.616667 0.763333 0.246667 0.400000
0 0.473333 0.346667 0.220000 0.260000
0 0.110000 0.613333 0.173333 0.266667
0 0.218333 0.861667 0.256667 0.276667
0 0.883333 0.725000 0.206667 0.290000
0 0.850000 0.443333 0.200000 0.413333
0 0.423333 0.131667 0.246667 0.256667
0 0.196667 0.088333 0.273333 0.170000
0 0.606667 0.180000 0.180000 0.213333
