0 0.595000 0.516667 0.310000 0.246667
0 0.616667 0.778333 0.200000 0.276667
0 0.751667 0.681667 0.123333 0.296667
0 0.336667 0.771667 0.320000 0.263333
0 0.821667 0.803333 0.230000 0.320000
0 0.115000 0.450000 0.223333 0.246667
0 0.336667 0.555000 0.280000 0.143333
0 0.920000 0.523333 0.100000 0.246667
0 0.196667 0.768333 0.126667 0.376667
0 0.088333 0.731667 0.123333 0.243333
0 0.575000 0.938333 0.216667 0.110000
0 0.276667 0.160000 0.153333 0.220000
0 0.495000 0.761667 0.196667 0.276667
0 0.920000 0.920000 0.153333 0.160000
0 0.335000 0.643333 0.210000 0.113333
0 0.473333 0.098333 0.193333 0.190000
0 0.650000 0.041667 0.153333 0.076667
0 0.770000 0.101667 0.113333 0.196667
0 0.913333 0.248333 0.100000 0.276667
0 0.940000 0.406667 0.106667 0.120000
0 0.525000 0.193333 0.183333 0.253333
0 0.116667 0.140000 0.153333 0.120000
0 0.081667 0.306667 0.130000 0.186667
0 0.736667 0.168333 0.240000 0.196667
0 0.823333 0.336667 0.140000 0.173333
0 0.301667 0.900000 0.103333 0.166667
