8 0.061667 0.156667 0.116667 0.306667
8 0.200000 0.158333 0.120000 0.310000
8 0.353333 0.156667 0.120000 0.306667
8 0.496667 0.156667 0.120000 0.306667
8 0.646667 0.156667 0.120000 0.306667
8 0.793333 0.156667 0.120000 0.306667
8 0.940000 0.156667 0.120000 0.306667
8 0.063333 0.493333 0.120000 0.313333
8 0.206667 0.496667 0.120000 0.313333
8 0.353333 0.496667 0.120000 0.313333
8 0.503333 0.496667 0.120000 0.313333
8 0.646667 0.500000 0.120000 0.313333
8 0.793333 0.496667 0.120000 0.313333
8 0.940000 0.500000 0.120000 0.313333
8 0.938333 0.833333 0.123333 0.320000
8 0.791667 0.836667 0.123333 0.320000
8 0.648333 0.836667 0.123333 0.320000
8 0.501667 0.840000 0.123333 0.320000
8 0.355000 0.836667 0.123333 0.320000
8 0.208333 0.836667 0.123333 0.320000
8 0.065000 0.836667 0.123333 0.320000
