0 0.840000 0.663333 0.220000 0.146667
0 0.946667 0.771667 0.106667 0.130000
0 0.328333 0.510000 0.170000 0.106667
0 0.243333 0.630000 0.153333 0.173333
0 0.350000 0.746667 0.080000 0.186667
0 0.133333 0.605000 0.093333 0.170000
0 0.660000 0.501667 0.086667 0.103333
0 0.215000 0.756667 0.116667 0.120000
0 0.176667 0.918333 0.160000 0.163333
0 0.513333 0.708333 0.146667 0.156667
0 0.658333 0.680000 0.130000 0.166667
0 0.790000 0.798333 0.100000 0.130000
0 0.495000 0.431667 0.136667 0.063333
0 0.571667 0.586667 0.103333 0.073333
0 0.300000 0.936667 0.080000 0.126667
0 0.666667 0.825000 0.100000 0.103333
0 0.881667 0.891667 0.090000 0.216667
