0 0.811667 0.198333 0.223333 0.310000
0 0.470000 0.343333 0.226667 0.326667
0 0.278333 0.263333 0.223333 0.300000
0 0.776667 0.678333 0.220000 0.303333
0 0.538333 0.140000 0.156667 0.220000
0 0.308333 0.750000 0.270000 0.393333
0 0.621667 0.698333 0.143333 0.203333
0 0.473333 0.620000 0.146667 0.220000
0 0.583333 0.505000 0.133333 0.196667
0 0.718333 0.455000 0.130000 0.203333
0 0.845000 0.441667 0.136667 0.203333
0 0.635000 0.301667 0.143333 0.210000
0 0.146667 0.391667 0.160000 0.210000
0 0.241667 0.511667 0.150000 0.216667
0 0.138333 0.621667 0.190000 0.210000
0 0.916667 0.816667 0.166667 0.193333
0 0.786667 0.911667 0.146667 0.176667
0 0.133333 0.136667 0.233333 0.266667
