2 0.845000 0.436667 0.176667 0.393333
2 0.651667 0.383333 0.170000 0.513333
2 0.478333 0.191667 0.096667 0.283333
2 0.373333 0.240000 0.086667 0.213333
2 0.271667 0.210000 0.103333 0.246667
2 0.175000 0.240000 0.083333 0.193333
2 0.080000 0.228333 0.093333 0.210000
2 0.490000 0.501667 0.093333 0.183333
2 0.401667 0.511667 0.090000 0.176667
2 0.301667 0.503333 0.090000 0.193333
2 0.198333 0.500000 0.083333 0.193333
2 0.080000 0.490000 0.093333 0.193333
2 0.488333 0.798333 0.110000 0.243333
2 0.386667 0.815000 0.093333 0.203333
2 0.300000 0.826667 0.086667 0.186667
2 0.213333 0.833333 0.080000 0.166667
2 0.140000 0.840000 0.073333 0.153333
2 0.070000 0.850000 0.060000 0.133333
