0 0.898333 0.226667 0.076667 0.393333
0 0.806667 0.231667 0.073333 0.383333
0 0.716667 0.235000 0.073333 0.376667
0 0.635000 0.245000 0.063333 0.363333
0 0.563333 0.265000 0.060000 0.323333
0 0.481667 0.268333 0.070000 0.310000
0 0.408333 0.273333 0.050000 0.293333
0 0.341667 0.288333 0.056667 0.270000
0 0.275000 0.293333 0.056667 0.260000
0 0.206667 0.301667 0.053333 0.236667
0 0.143333 0.325000 0.046667 0.203333
0 0.085000 0.326667 0.043333 0.200000
0 0.870000 0.661667 0.126667 0.390000
0 0.721667 0.658333 0.110000 0.390000
0 0.563333 0.661667 0.126667 0.396667
0 0.415000 0.671667 0.103333 0.370000
0 0.261667 0.661667 0.123333 0.390000
0 0.115000 0.670000 0.096667 0.366667
