8 0.185000 0.175000 0.076667 0.223333
8 0.251667 0.168333 0.076667 0.223333
8 0.136667 0.395000 0.100000 0.250000
8 0.250000 0.371667 0.100000 0.250000
8 0.336667 0.173333 0.106667 0.213333
8 0.390000 0.153333 0.106667 0.213333
8 0.443333 0.155000 0.093333 0.210000
8 0.508333 0.148333 0.076667 0.203333
8 0.551667 0.151667 0.076667 0.203333
8 0.638333 0.158333 0.070000 0.203333
8 0.708333 0.155000 0.070000 0.203333
8 0.751667 0.151667 0.070000 0.203333
8 0.818333 0.148333 0.070000 0.203333
8 0.868333 0.148333 0.070000 0.203333
8 0.928333 0.141667 0.070000 0.203333
8 0.340000 0.325000 0.100000 0.250000
8 0.405000 0.318333 0.083333 0.236667
8 0.455000 0.328333 0.083333 0.236667
8 0.525000 0.331667 0.083333 0.236667
8 0.591667 0.335000 0.083333 0.236667
8 0.661667 0.335000 0.083333 0.236667
8 0.718333 0.328333 0.083333 0.236667
8 0.781667 0.338333 0.083333 0.236667
8 0.868333 0.338333 0.083333 0.236667
8 0.951667 0.341667 0.083333 0.236667
8 0.268333 0.550000 0.143333 0.233333
8 0.341667 0.546667 0.143333 0.233333
8 0.431667 0.553333 0.116667 0.240000
8 0.516667 0.555000 0.100000 0.250000
8 0.586667 0.551667 0.100000 0.250000
8 0.646667 0.561667 0.100000 0.250000
8 0.750000 0.561667 0.100000 0.250000
8 0.833333 0.565000 0.100000 0.250000
8 0.930000 0.561667 0.100000 0.250000
8 0.933333 0.818333 0.100000 0.316667
8 0.843333 0.805000 0.100000 0.316667
8 0.743333 0.825000 0.100000 0.316667
8 0.623333 0.823333 0.166667 0.313333
8 0.561667 0.808333 0.123333 0.303333
8 0.465000 0.801667 0.123333 0.303333
8 0.375000 0.795000 0.196667 0.283333
8 0.293333 0.796667 0.126667 0.306667
8 0.206667 0.800000 0.126667 0.306667
