0 0.836667 0.550000 0.140000 0.626667
0 0.771667 0.671667 0.103333 0.450000
0 0.693333 0.761667 0.106667 0.336667
0 0.705000 0.441667 0.123333 0.443333
0 0.563333 0.758333 0.106667 0.330000
0 0.441667 0.733333 0.116667 0.373333
0 0.323333 0.686667 0.120000 0.480000
0 0.193333 0.725000 0.106667 0.403333
0 0.121667 0.676667 0.090000 0.406667
0 0.238333 0.495000 0.096667 0.270000
0 0.610000 0.478333 0.100000 0.283333
0 0.565000 0.321667 0.130000 0.510000
0 0.423333 0.348333 0.133333 0.476667
0 0.295000 0.355000 0.123333 0.250000
0 0.178333 0.411667 0.103333 0.256667
