0 0.691667 0.383333 0.170000 0.253333
0 0.550000 0.486667 0.166667 0.246667
0 0.806667 0.558333 0.186667 0.190000
0 0.931667 0.616667 0.136667 0.240000
0 0.215000 0.233333 0.123333 0.160000
0 0.251667 0.565000 0.136667 0.183333
0 0.221667 0.736667 0.110000 0.153333
0 0.536667 0.803333 0.126667 0.186667
0 0.480000 0.650000 0.106667 0.160000
0 0.581667 0.665000 0.103333 0.136667
0 0.666667 0.580000 0.120000 0.166667
0 0.861667 0.301667 0.123333 0.170000
0 0.955000 0.316667 0.090000 0.166667
0 0.953333 0.168333 0.093333 0.143333
0 0.696667 0.183333 0.133333 0.186667
0 0.585000 0.135000 0.116667 0.203333
0 0.383333 0.263333 0.133333 0.213333
0 0.810000 0.710000 0.120000 0.140000
0 0.680000 0.910000 0.160000 0.180000
0 0.946667 0.925000 0.106667 0.130000
0 0.335000 0.468333 0.116667 0.156667
0 0.143333 0.490000 0.113333 0.153333
0 0.055000 0.346667 0.103333 0.140000
0 0.156667 0.335000 0.106667 0.130000
0 0.423333 0.778333 0.106667 0.156667
0 0.148333 0.628333 0.096667 0.156667
0 0.100000 0.730000 0.126667 0.166667
0 0.786667 0.853333 0.126667 0.153333
0 0.501667 0.500000 0.996667 0.993333
