0 0.486667 0.440000 0.060000 0.233333
0 0.415000 0.441667 0.123333 0.203333
0 0.610000 0.580000 0.060000 0.180000
0 0.800000 0.821667 0.166667 0.103333
0 0.630000 0.746667 0.100000 0.153333
0 0.651667 0.900000 0.070000 0.193333
0 0.720000 0.881667 0.106667 0.163333
0 0.256667 0.778333 0.073333 0.196667
0 0.308333 0.850000 0.090000 0.173333
0 0.476667 0.863333 0.153333 0.133333
0 0.551667 0.948333 0.096667 0.103333
0 0.391667 0.581667 0.083333 0.176667
0 0.121667 0.473333 0.123333 0.173333
0 0.361667 0.316667 0.096667 0.193333
0 0.450000 0.308333 0.133333 0.196667
0 0.191667 0.316667 0.170000 0.066667
0 0.233333 0.221667 0.086667 0.183333
0 0.911667 0.270000 0.163333 0.120000
0 0.958333 0.091667 0.083333 0.176667
0 0.971667 0.485000 0.056667 0.216667
0 0.898333 0.420000 0.136667 0.100000
0 0.763333 0.575000 0.093333 0.210000
0 0.878333 0.623333 0.123333 0.173333
0 0.930000 0.748333 0.120000 0.176667
0 0.861667 0.675000 0.143333 0.190000
0 0.153333 0.598333 0.060000 0.123333
0 0.295000 0.515000 0.190000 0.163333
0 0.616667 0.193333 0.106667 0.180000
0 0.233333 0.088333 0.120000 0.170000
0 0.711667 0.140000 0.176667 0.140000
0 0.328333 0.385000 0.116667 0.176667
0 0.213333 0.820000 0.120000 0.186667
0 0.055000 0.541667 0.090000 0.136667
0 0.070000 0.305000 0.126667 0.103333
0 0.080000 0.228333 0.060000 0.130000
0 0.031667 0.210000 0.056667 0.133333
0 0.306667 0.126667 0.133333 0.106667
0 0.438333 0.148333 0.096667 0.096667
0 0.340000 0.200000 0.153333 0.106667
0 0.713333 0.050000 0.126667 0.086667
