0 0.481667 0.391667 0.056667 0.290000
0 0.536667 0.390000 0.053333 0.286667
0 0.430000 0.395000 0.060000 0.290000
0 0.373333 0.398333 0.060000 0.296667
0 0.318333 0.398333 0.056667 0.290000
0 0.586667 0.395000 0.053333 0.296667
0 0.641667 0.393333 0.056667 0.293333
0 0.695000 0.396667 0.056667 0.300000
0 0.748333 0.393333 0.056667 0.293333
0 0.803333 0.398333 0.053333 0.296667
0 0.856667 0.393333 0.060000 0.293333
0 0.910000 0.396667 0.060000 0.293333
0 0.963333 0.395000 0.066667 0.290000
0 0.266667 0.396667 0.053333 0.293333
0 0.213333 0.393333 0.060000 0.280000
0 0.160000 0.396667 0.053333 0.293333
0 0.106667 0.393333 0.060000 0.286667
0 0.053333 0.395000 0.060000 0.296667
0 0.480000 0.776667 0.053333 0.280000
0 0.535000 0.778333 0.056667 0.283333
0 0.585000 0.778333 0.056667 0.283333
0 0.638333 0.780000 0.056667 0.280000
0 0.693333 0.780000 0.053333 0.286667
0 0.741667 0.780000 0.063333 0.286667
0 0.426667 0.778333 0.053333 0.283333
0 0.376667 0.781667 0.053333 0.283333
0 0.325000 0.780000 0.056667 0.280000
0 0.273333 0.780000 0.060000 0.286667
0 0.221667 0.776667 0.056667 0.280000
0 0.170000 0.776667 0.066667 0.280000
0 0.118333 0.771667 0.056667 0.276667
0 0.065000 0.773333 0.056667 0.280000
0 0.021667 0.770000 0.036667 0.286667
0 0.795000 0.786667 0.056667 0.286667
0 0.850000 0.783333 0.053333 0.280000
0 0.905000 0.783333 0.063333 0.286667
0 0.958333 0.781667 0.050000 0.283333
