7 0.943333 0.685000 0.040000 0.610000
7 0.070000 0.693333 0.040000 0.613333
7 0.123333 0.683333 0.040000 0.613333
7 0.151667 0.768333 0.036667 0.456667
7 0.098333 0.771667 0.036667 0.456667
7 0.046667 0.876667 0.033333 0.246667
7 0.163333 0.880000 0.053333 0.240000
7 0.183333 0.785000 0.046667 0.423333
7 0.205000 0.821667 0.050000 0.356667
7 0.231667 0.810000 0.050000 0.380000
7 0.288333 0.793333 0.056667 0.406667
7 0.390000 0.745000 0.053333 0.503333
7 0.436667 0.696667 0.066667 0.593333
7 0.691667 0.721667 0.056667 0.556667
7 0.728333 0.771667 0.043333 0.456667
7 0.561667 0.783333 0.050000 0.433333
