0 0.938333 0.771667 0.110000 0.370000
0 0.828333 0.768333 0.130000 0.370000
0 0.721667 0.751667 0.123333 0.356667
0 0.590000 0.730000 0.093333 0.346667
0 0.510000 0.786667 0.120000 0.333333
0 0.356667 0.728333 0.126667 0.323333
0 0.223333 0.785000 0.120000 0.343333
0 0.078333 0.768333 0.123333 0.383333
0 0.946667 0.646667 0.106667 0.400000
0 0.670000 0.621667 0.113333 0.456667
0 0.505000 0.595000 0.110000 0.270000
0 0.420000 0.698333 0.106667 0.396667
0 0.265000 0.665000 0.136667 0.363333
0 0.130000 0.625000 0.126667 0.416667
0 0.038333 0.705000 0.063333 0.350000
0 0.836667 0.686667 0.120000 0.346667
0 0.925000 0.406667 0.150000 0.286667
0 0.756667 0.451667 0.173333 0.383333
0 0.568333 0.441667 0.150000 0.270000
0 0.390000 0.436667 0.153333 0.280000
0 0.223333 0.465000 0.166667 0.323333
0 0.061667 0.406667 0.116667 0.286667
0 0.108333 0.296667 0.196667 0.253333
0 0.351667 0.333333 0.243333 0.346667
0 0.591667 0.346667 0.236667 0.300000
0 0.830000 0.341667 0.240000 0.303333
