0 0.916667 0.145000 0.093333 0.183333
0 0.371667 0.208333 0.043333 0.196667
0 0.310000 0.611667 0.080000 0.223333
0 0.641667 0.661667 0.083333 0.210000
0 0.706667 0.213333 0.106667 0.200000
0 0.513333 0.288333 0.040000 0.130000
0 0.188333 0.410000 0.050000 0.160000
0 0.663333 0.486667 0.080000 0.126667
0 0.735000 0.475000 0.116667 0.130000
0 0.876667 0.406667 0.060000 0.120000
0 0.445000 0.623333 0.063333 0.186667
0 0.710000 0.690000 0.100000 0.093333
0 0.535000 0.710000 0.123333 0.133333
0 0.883333 0.655000 0.093333 0.116667
0 0.790000 0.733333 0.046667 0.173333
0 0.155000 0.340000 0.043333 0.186667
0 0.498333 0.103333 0.056667 0.160000
0 0.241667 0.621667 0.056667 0.163333
0 0.456667 0.915000 0.093333 0.136667
0 0.068333 0.413333 0.116667 0.146667
0 0.023333 0.703333 0.040000 0.200000
0 0.143333 0.720000 0.080000 0.153333
0 0.176667 0.831667 0.100000 0.103333
0 0.680000 0.850000 0.066667 0.140000
0 0.426667 0.456667 0.053333 0.160000
0 0.561667 0.495000 0.123333 0.110000
