8 0.106667 0.318333 0.113333 0.490000
8 0.206667 0.311667 0.113333 0.490000
8 0.330000 0.301667 0.113333 0.490000
8 0.420000 0.298333 0.113333 0.490000
8 0.546667 0.285000 0.113333 0.490000
8 0.653333 0.265000 0.113333 0.490000
8 0.753333 0.246667 0.113333 0.486667
8 0.863333 0.295000 0.113333 0.490000
8 0.921667 0.746667 0.143333 0.480000
8 0.770000 0.716667 0.133333 0.546667
8 0.658333 0.738333 0.130000 0.516667
8 0.553333 0.731667 0.133333 0.523333
8 0.436667 0.740000 0.126667 0.500000
8 0.323333 0.743333 0.146667 0.506667
8 0.203333 0.770000 0.126667 0.460000
8 0.065000 0.766667 0.123333 0.460000
