4 0.086667 0.183333 0.166667 0.326667
4 0.288333 0.168333 0.230000 0.230000
4 0.495000 0.170000 0.163333 0.273333
4 0.688333 0.213333 0.176667 0.393333
4 0.876667 0.176667 0.200000 0.326667
4 0.136667 0.516667 0.233333 0.280000
4 0.296667 0.460000 0.086667 0.286667
4 0.420000 0.485000 0.133333 0.276667
4 0.555000 0.490000 0.130000 0.286667
4 0.730000 0.595000 0.173333 0.303333
4 0.905000 0.535000 0.150000 0.330000
4 0.143333 0.845000 0.266667 0.276667
4 0.368333 0.786667 0.196667 0.286667
4 0.558333 0.823333 0.163333 0.293333
4 0.730000 0.858333 0.186667 0.210000
4 0.905000 0.850000 0.143333 0.280000
