0 0.303333 0.651667 0.126667 0.123333
0 0.398333 0.750000 0.096667 0.160000
0 0.605000 0.643333 0.143333 0.106667
0 0.728333 0.721667 0.116667 0.070000
0 0.561667 0.888333 0.056667 0.170000
0 0.205000 0.803333 0.150000 0.053333
0 0.630000 0.478333 0.113333 0.056667
0 0.710000 0.825000 0.153333 0.070000
0 0.690000 0.931667 0.100000 0.136667
0 0.130000 0.905000 0.160000 0.116667
0 0.116667 0.480000 0.066667 0.073333
0 0.041667 0.716667 0.076667 0.100000
0 0.490000 0.628333 0.073333 0.076667
0 0.950000 0.846667 0.093333 0.080000
0 0.406667 0.376667 0.086667 0.060000
0 0.401667 0.458333 0.090000 0.056667
