8 0.280000 0.138333 0.340000 0.136667
8 0.283333 0.215000 0.340000 0.136667
8 0.280000 0.295000 0.340000 0.136667
8 0.263333 0.395000 0.373333 0.136667
8 0.251667 0.473333 0.383333 0.186667
8 0.241667 0.593333 0.383333 0.186667
8 0.221667 0.706667 0.383333 0.186667
8 0.198333 0.868333 0.310000 0.110000
8 0.698333 0.133333 0.510000 0.086667
8 0.695000 0.200000 0.510000 0.086667
8 0.695000 0.300000 0.510000 0.086667
8 0.676667 0.396667 0.446667 0.086667
8 0.735000 0.478333 0.476667 0.083333
8 0.673333 0.576667 0.373333 0.146667
8 0.690000 0.696667 0.373333 0.146667
