0 0.528333 0.503333 0.356667 0.253333
0 0.271667 0.533333 0.156667 0.313333
0 0.490000 0.656667 0.260000 0.300000
0 0.668333 0.766667 0.150000 0.446667
0 0.675000 0.301667 0.263333 0.376667
0 0.146667 0.178333 0.246667 0.350000
0 0.146667 0.648333 0.200000 0.263333
0 0.128333 0.350000 0.190000 0.186667
0 0.283333 0.920000 0.333333 0.120000
0 0.103333 0.845000 0.200000 0.130000
0 0.536667 0.848333 0.240000 0.223333
0 0.850000 0.923333 0.300000 0.146667
0 0.148333 0.488333 0.196667 0.343333
0 0.328333 0.770000 0.216667 0.233333
0 0.493333 0.248333 0.280000 0.270000
0 0.605000 0.138333 0.216667 0.150000
0 0.341667 0.110000 0.136667 0.206667
