0 0.925000 0.345000 0.130000 0.303333
0 0.641667 0.441667 0.123333 0.316667
0 0.935000 0.608333 0.130000 0.236667
0 0.711667 0.560000 0.176667 0.180000
0 0.765000 0.625000 0.150000 0.196667
0 0.831667 0.840000 0.183333 0.320000
0 0.635000 0.800000 0.163333 0.313333
0 0.925000 0.111667 0.150000 0.163333
0 0.685000 0.221667 0.056667 0.136667
0 0.753333 0.283333 0.120000 0.080000
0 0.800000 0.421667 0.100000 0.136667
0 0.875000 0.235000 0.070000 0.143333
0 0.540000 0.461667 0.133333 0.143333
0 0.511667 0.763333 0.090000 0.106667
0 0.611667 0.256667 0.110000 0.073333
0 0.243333 0.761667 0.106667 0.150000
0 0.438333 0.721667 0.136667 0.136667
0 0.436667 0.503333 0.106667 0.080000
0 0.333333 0.596667 0.046667 0.146667
0 0.426667 0.946667 0.220000 0.106667
0 0.370000 0.870000 0.153333 0.220000
