0 0.138333 0.231667 0.116667 0.370000
0 0.250000 0.265000 0.100000 0.296667
0 0.363333 0.273333 0.106667 0.273333
0 0.475000 0.275000 0.103333 0.276667
0 0.586667 0.271667 0.100000 0.283333
0 0.698333 0.276667 0.096667 0.273333
0 0.810000 0.291667 0.093333 0.243333
0 0.923333 0.306667 0.086667 0.206667
0 0.923333 0.790000 0.100000 0.326667
0 0.770000 0.768333 0.140000 0.376667
0 0.618333 0.761667 0.110000 0.390000
0 0.466667 0.755000 0.133333 0.403333
0 0.316667 0.760000 0.113333 0.400000
0 0.138333 0.713333 0.223333 0.493333
