0 0.201667 0.418333 0.256667 0.330000
0 0.615000 0.578333 0.216667 0.336667
0 0.408333 0.498333 0.216667 0.336667
0 0.266667 0.725000 0.246667 0.323333
0 0.471667 0.810000 0.216667 0.340000
0 0.695000 0.853333 0.216667 0.293333
0 0.835000 0.631667 0.230000 0.336667
0 0.898333 0.871667 0.196667 0.256667
0 0.755000 0.320000 0.243333 0.333333
0 0.535000 0.248333 0.230000 0.350000
0 0.310000 0.178333 0.226667 0.343333
0 0.115000 0.135000 0.223333 0.230000
0 0.886667 0.106667 0.226667 0.193333
0 0.500000 0.505000 0.986667 0.990000
