0 0.870000 0.163333 0.253333 0.193333
0 0.135000 0.475000 0.263333 0.183333
0 0.218333 0.323333 0.190000 0.146667
0 0.088333 0.188333 0.170000 0.316667
0 0.930000 0.620000 0.140000 0.193333
0 0.821667 0.521667 0.103333 0.370000
0 0.946667 0.291667 0.106667 0.310000
0 0.905000 0.873333 0.183333 0.246667
0 0.733333 0.915000 0.200000 0.170000
0 0.828333 0.793333 0.176667 0.273333
0 0.500000 0.753333 0.233333 0.313333
0 0.543333 0.851667 0.253333 0.263333
0 0.390000 0.711667 0.220000 0.236667
0 0.316667 0.355000 0.146667 0.316667
0 0.668333 0.671667 0.163333 0.343333
0 0.661667 0.425000 0.243333 0.270000
0 0.523333 0.175000 0.100000 0.296667
0 0.476667 0.403333 0.200000 0.213333
0 0.178333 0.580000 0.150000 0.220000
