0 0.716667 0.543333 0.146667 0.413333
0 0.315000 0.510000 0.163333 0.373333
0 0.471667 0.248333 0.270000 0.183333
0 0.195000 0.261667 0.156667 0.390000
0 0.673333 0.281667 0.173333 0.390000
0 0.881667 0.551667 0.196667 0.390000
0 0.871667 0.818333 0.243333 0.263333
0 0.471667 0.733333 0.223333 0.326667
0 0.230000 0.885000 0.253333 0.230000
0 0.056667 0.508333 0.106667 0.190000
0 0.093333 0.356667 0.180000 0.153333
0 0.085000 0.838333 0.136667 0.310000
0 0.193333 0.805000 0.146667 0.183333
0 0.308333 0.945000 0.210000 0.110000
0 0.413333 0.476667 0.120000 0.286667
0 0.538333 0.460000 0.096667 0.240000
0 0.880000 0.175000 0.240000 0.296667
0 0.811667 0.263333 0.150000 0.306667
0 0.375000 0.165000 0.216667 0.303333
0 0.253333 0.166667 0.100000 0.300000
