6 0.113333 0.181667 0.206667 0.183333
6 0.113333 0.380000 0.206667 0.213333
6 0.113333 0.601667 0.206667 0.203333
6 0.111667 0.821667 0.203333 0.230000
6 0.320000 0.825000 0.200000 0.223333
6 0.318333 0.615000 0.203333 0.196667
6 0.318333 0.400000 0.210000 0.233333
6 0.313333 0.200000 0.200000 0.193333
6 0.513333 0.206667 0.193333 0.193333
6 0.520000 0.408333 0.193333 0.210000
6 0.516667 0.621667 0.193333 0.210000
6 0.516667 0.825000 0.193333 0.196667
6 0.718333 0.823333 0.203333 0.200000
6 0.716667 0.630000 0.206667 0.206667
6 0.910000 0.805000 0.180000 0.230000
6 0.905000 0.596667 0.190000 0.206667
6 0.718333 0.410000 0.203333 0.193333
6 0.715000 0.210000 0.203333 0.206667
6 0.903333 0.191667 0.186667 0.210000
6 0.911667 0.395000 0.176667 0.196667
