6 0.171667 0.841667 0.176667 0.230000
6 0.133333 0.651667 0.180000 0.250000
6 0.110000 0.503333 0.160000 0.160000
6 0.193333 0.958333 0.153333 0.083333
6 0.348333 0.945000 0.163333 0.110000
6 0.335000 0.833333 0.156667 0.240000
6 0.306667 0.643333 0.160000 0.233333
6 0.275000 0.453333 0.163333 0.233333
6 0.151667 0.290000 0.170000 0.293333
6 0.238333 0.125000 0.156667 0.243333
6 0.450000 0.136667 0.160000 0.220000
6 0.551667 0.323333 0.096667 0.186667
6 0.566667 0.491667 0.100000 0.210000
6 0.591667 0.673333 0.096667 0.213333
6 0.610000 0.846667 0.106667 0.193333
6 0.688333 0.693333 0.110000 0.206667
6 0.661667 0.523333 0.096667 0.200000
6 0.633333 0.345000 0.093333 0.216667
6 0.640000 0.145000 0.146667 0.196667
6 0.806667 0.100000 0.126667 0.193333
6 0.496667 0.635000 0.060000 0.223333
6 0.506667 0.850000 0.073333 0.206667
6 0.765000 0.611667 0.110000 0.203333
6 0.731667 0.433333 0.103333 0.213333
6 0.960000 0.590000 0.080000 0.200000
6 0.971667 0.756667 0.056667 0.180000
6 0.943333 0.411667 0.086667 0.203333
6 0.920000 0.235000 0.093333 0.190000
