6 0.120000 0.898333 0.233333 0.203333
6 0.126667 0.675000 0.226667 0.236667
6 0.126667 0.450000 0.233333 0.213333
6 0.126667 0.243333 0.226667 0.213333
6 0.120000 0.071667 0.213333 0.136667
6 0.361667 0.070000 0.230000 0.133333
6 0.366667 0.230000 0.240000 0.200000
6 0.371667 0.433333 0.243333 0.213333
6 0.376667 0.646667 0.246667 0.220000
6 0.370000 0.875000 0.253333 0.250000
6 0.620000 0.885000 0.260000 0.210000
6 0.623333 0.660000 0.260000 0.226667
6 0.608333 0.445000 0.250000 0.223333
6 0.603333 0.241667 0.233333 0.196667
6 0.600000 0.078333 0.220000 0.150000
6 0.843333 0.055000 0.233333 0.103333
6 0.848333 0.211667 0.236667 0.203333
6 0.858333 0.425000 0.243333 0.223333
6 0.860000 0.646667 0.246667 0.233333
6 0.871667 0.880000 0.243333 0.240000
