6 0.340000 0.851667 0.220000 0.190000
6 0.336667 0.648333 0.213333 0.190000
6 0.121667 0.666667 0.210000 0.226667
6 0.125000 0.461667 0.210000 0.183333
6 0.128333 0.290000 0.216667 0.186667
6 0.336667 0.290000 0.193333 0.186667
6 0.338333 0.468333 0.203333 0.183333
6 0.125000 0.118333 0.210000 0.176667
6 0.326667 0.115000 0.193333 0.176667
6 0.526667 0.101667 0.200000 0.143333
6 0.533333 0.255000 0.200000 0.156667
6 0.543333 0.421667 0.206667 0.176667
6 0.545000 0.596667 0.203333 0.173333
6 0.561667 0.838333 0.223333 0.196667
6 0.756667 0.750000 0.193333 0.126667
6 0.920000 0.755000 0.126667 0.110000
6 0.900000 0.603333 0.160000 0.193333
6 0.746667 0.601667 0.186667 0.176667
6 0.745000 0.431667 0.210000 0.176667
6 0.916667 0.421667 0.126667 0.190000
6 0.741667 0.255000 0.203333 0.163333
6 0.733333 0.101667 0.200000 0.150000
6 0.910000 0.231667 0.140000 0.196667
