6 0.193333 0.368333 0.160000 0.203333
6 0.175000 0.561667 0.176667 0.210000
6 0.353333 0.146667 0.153333 0.153333
6 0.350000 0.330000 0.146667 0.206667
6 0.345000 0.525000 0.163333 0.176667
6 0.341667 0.726667 0.163333 0.226667
6 0.501667 0.723333 0.150000 0.233333
6 0.500000 0.516667 0.160000 0.180000
6 0.498333 0.305000 0.150000 0.196667
6 0.495000 0.131667 0.136667 0.156667
6 0.643333 0.171667 0.153333 0.156667
6 0.648333 0.343333 0.163333 0.200000
6 0.656667 0.545000 0.166667 0.190000
6 0.656667 0.750000 0.160000 0.233333
6 0.811667 0.778333 0.143333 0.203333
6 0.808333 0.578333 0.143333 0.210000
6 0.796667 0.363333 0.153333 0.193333
6 0.798333 0.178333 0.156667 0.176667
