6 0.248333 0.126667 0.176667 0.240000
6 0.241667 0.366667 0.190000 0.246667
6 0.228333 0.615000 0.203333 0.250000
6 0.213333 0.871667 0.200000 0.256667
6 0.068333 0.790000 0.130000 0.280000
6 0.075000 0.516667 0.143333 0.273333
6 0.080000 0.251667 0.153333 0.263333
6 0.421667 0.208333 0.170000 0.236667
6 0.598333 0.211667 0.176667 0.250000
6 0.408333 0.445000 0.156667 0.250000
6 0.585000 0.455000 0.190000 0.256667
6 0.391667 0.686667 0.150000 0.260000
6 0.370000 0.901667 0.146667 0.196667
6 0.551667 0.908333 0.190000 0.183333
6 0.565000 0.703333 0.190000 0.260000
6 0.765000 0.216667 0.163333 0.226667
6 0.763333 0.446667 0.160000 0.233333
6 0.751667 0.683333 0.163333 0.226667
6 0.738333 0.896667 0.143333 0.206667
6 0.923333 0.205000 0.153333 0.236667
6 0.918333 0.443333 0.163333 0.240000
6 0.915000 0.686667 0.170000 0.246667
6 0.910000 0.895000 0.180000 0.196667
