6 0.165000 0.295000 0.176667 0.163333
6 0.155000 0.441667 0.196667 0.136667
6 0.125000 0.598333 0.210000 0.190000
6 0.106667 0.798333 0.206667 0.210000
6 0.320000 0.826667 0.200000 0.206667
6 0.330000 0.633333 0.180000 0.180000
6 0.335000 0.465000 0.170000 0.163333
6 0.340000 0.308333 0.180000 0.150000
6 0.515000 0.303333 0.170000 0.140000
6 0.510000 0.460000 0.180000 0.173333
6 0.526667 0.643333 0.186667 0.186667
6 0.533333 0.833333 0.193333 0.193333
6 0.718333 0.806667 0.176667 0.193333
6 0.710000 0.620000 0.193333 0.180000
6 0.691667 0.443333 0.156667 0.173333
6 0.688333 0.280000 0.163333 0.153333
6 0.861667 0.436667 0.183333 0.126667
6 0.885000 0.590000 0.190000 0.180000
