6 0.073333 0.135000 0.140000 0.256667
6 0.076667 0.383333 0.146667 0.240000
6 0.075000 0.628333 0.143333 0.243333
6 0.075000 0.875000 0.143333 0.250000
6 0.263333 0.873333 0.233333 0.246667
6 0.265000 0.630000 0.230000 0.253333
6 0.265000 0.381667 0.236667 0.243333
6 0.265000 0.133333 0.236667 0.253333
6 0.498333 0.131667 0.230000 0.250000
6 0.726667 0.131667 0.226667 0.250000
6 0.918333 0.135000 0.156667 0.256667
6 0.925000 0.383333 0.150000 0.246667
6 0.735000 0.380000 0.230000 0.246667
6 0.498333 0.381667 0.236667 0.243333
6 0.498333 0.626667 0.236667 0.240000
6 0.735000 0.630000 0.236667 0.253333
6 0.928333 0.633333 0.143333 0.240000
6 0.923333 0.875000 0.153333 0.243333
6 0.728333 0.876667 0.230000 0.240000
6 0.498333 0.870000 0.230000 0.253333
6 0.263333 0.871667 0.233333 0.256667
