6 0.528333 0.676667 0.150000 0.193333
6 0.431667 0.663333 0.130000 0.186667
6 0.346667 0.636667 0.133333 0.173333
6 0.245000 0.615000 0.150000 0.190000
6 0.160000 0.591667 0.140000 0.183333
6 0.641667 0.661667 0.130000 0.183333
6 0.715000 0.636667 0.130000 0.180000
6 0.806667 0.611667 0.133333 0.183333
6 0.891667 0.591667 0.130000 0.176667
6 0.528333 0.511667 0.136667 0.136667
6 0.528333 0.375000 0.130000 0.130000
6 0.640000 0.496667 0.133333 0.140000
6 0.710000 0.480000 0.133333 0.140000
6 0.795000 0.458333 0.136667 0.143333
6 0.896667 0.453333 0.140000 0.180000
6 0.433333 0.503333 0.133333 0.140000
6 0.346667 0.478333 0.133333 0.136667
6 0.265000 0.455000 0.136667 0.136667
6 0.173333 0.435000 0.140000 0.143333
6 0.430000 0.361667 0.140000 0.143333
6 0.348333 0.341667 0.136667 0.136667
6 0.268333 0.320000 0.150000 0.133333
6 0.616667 0.358333 0.140000 0.136667
6 0.710000 0.340000 0.133333 0.133333
6 0.798333 0.323333 0.136667 0.133333
