6 0.126667 0.270000 0.146667 0.153333
6 0.240000 0.253333 0.133333 0.140000
6 0.356667 0.268333 0.153333 0.156667
6 0.096667 0.498333 0.133333 0.156667
6 0.230000 0.481667 0.133333 0.143333
6 0.228333 0.625000 0.130000 0.143333
6 0.351667 0.640000 0.150000 0.160000
6 0.355000 0.496667 0.150000 0.153333
6 0.106667 0.640000 0.153333 0.160000
6 0.745000 0.258333 0.136667 0.143333
6 0.616667 0.278333 0.120000 0.150000
6 0.848333 0.278333 0.150000 0.156667
6 0.573333 0.431667 0.166667 0.170000
6 0.671667 0.403333 0.130000 0.153333
6 0.786667 0.400000 0.133333 0.153333
6 0.900000 0.431667 0.166667 0.176667
6 0.655000 0.618333 0.130000 0.150000
6 0.778333 0.616667 0.143333 0.153333
6 0.606667 0.763333 0.113333 0.153333
6 0.720000 0.753333 0.120000 0.140000
6 0.831667 0.761667 0.150000 0.156667
