6 0.128333 0.171667 0.170000 0.163333
6 0.120000 0.330000 0.180000 0.153333
6 0.118333 0.490000 0.176667 0.166667
6 0.120000 0.648333 0.186667 0.163333
6 0.121667 0.805000 0.190000 0.150000
6 0.305000 0.803333 0.183333 0.146667
6 0.300000 0.648333 0.180000 0.163333
6 0.478333 0.791667 0.183333 0.163333
6 0.475000 0.631667 0.183333 0.170000
6 0.471667 0.473333 0.170000 0.153333
6 0.300000 0.486667 0.180000 0.160000
6 0.293333 0.330000 0.173333 0.153333
6 0.473333 0.320000 0.173333 0.153333
6 0.475000 0.158333 0.170000 0.163333
6 0.298333 0.166667 0.170000 0.173333
6 0.646667 0.166667 0.173333 0.166667
6 0.821667 0.153333 0.170000 0.120000
6 0.823333 0.291667 0.173333 0.156667
6 0.646667 0.328333 0.173333 0.163333
6 0.648333 0.488333 0.176667 0.163333
6 0.825000 0.446667 0.170000 0.153333
6 0.646667 0.648333 0.173333 0.156667
6 0.653333 0.808333 0.173333 0.156667
6 0.821667 0.750000 0.176667 0.153333
6 0.825000 0.598333 0.170000 0.150000
