6 0.103333 0.841667 0.193333 0.283333
6 0.305000 0.851667 0.203333 0.296667
6 0.495000 0.841667 0.143333 0.276667
6 0.703333 0.851667 0.193333 0.270000
6 0.898333 0.848333 0.196667 0.303333
6 0.103333 0.543333 0.166667 0.293333
6 0.303333 0.545000 0.193333 0.310000
6 0.503333 0.545000 0.193333 0.296667
6 0.701667 0.546667 0.176667 0.300000
6 0.896667 0.545000 0.186667 0.276667
6 0.103333 0.238333 0.200000 0.283333
6 0.303333 0.246667 0.206667 0.293333
6 0.503333 0.241667 0.200000 0.296667
6 0.701667 0.241667 0.203333 0.296667
6 0.901667 0.238333 0.196667 0.303333
