6 0.146667 0.510000 0.220000 0.160000
6 0.171667 0.398333 0.230000 0.216667
6 0.231667 0.301667 0.223333 0.250000
6 0.326667 0.241667 0.213333 0.250000
6 0.430000 0.200000 0.146667 0.220000
6 0.560000 0.196667 0.160000 0.220000
6 0.670000 0.221667 0.213333 0.223333
6 0.763333 0.296667 0.246667 0.226667
6 0.831667 0.388333 0.256667 0.183333
6 0.863333 0.516667 0.220000 0.160000
6 0.385000 0.558333 0.223333 0.216667
6 0.410000 0.496667 0.153333 0.233333
6 0.508333 0.468333 0.143333 0.210000
6 0.581667 0.491667 0.203333 0.203333
6 0.623333 0.555000 0.240000 0.243333
