6 0.063333 0.198333 0.120000 0.170000
6 0.066667 0.371667 0.126667 0.216667
6 0.075000 0.575000 0.143333 0.236667
6 0.088333 0.791667 0.170000 0.236667
6 0.201667 0.193333 0.156667 0.173333
6 0.193333 0.371667 0.126667 0.183333
6 0.331667 0.218333 0.143333 0.183333
6 0.203333 0.570000 0.100000 0.213333
6 0.333333 0.403333 0.153333 0.206667
6 0.328333 0.615000 0.170000 0.236667
6 0.323333 0.863333 0.166667 0.266667
6 0.551667 0.830000 0.196667 0.240000
6 0.576667 0.595000 0.160000 0.230000
6 0.585000 0.381667 0.170000 0.190000
6 0.475000 0.191667 0.150000 0.163333
6 0.605000 0.201667 0.156667 0.170000
6 0.730000 0.203333 0.106667 0.173333
6 0.821667 0.395000 0.190000 0.203333
6 0.808333 0.603333 0.210000 0.233333
6 0.776667 0.845000 0.213333 0.283333
6 0.940000 0.650000 0.120000 0.240000
6 0.468333 0.378333 0.116667 0.196667
6 0.840000 0.198333 0.186667 0.176667
6 0.713333 0.390000 0.106667 0.186667
6 0.093333 0.950000 0.166667 0.100000
