6 0.333333 0.266667 0.140000 0.180000
6 0.480000 0.098333 0.160000 0.163333
6 0.645000 0.421667 0.110000 0.143333
6 0.758333 0.420000 0.130000 0.153333
6 0.191667 0.416667 0.110000 0.133333
6 0.308333 0.415000 0.110000 0.130000
6 0.426667 0.413333 0.113333 0.146667
6 0.536667 0.415000 0.106667 0.150000
6 0.070000 0.101667 0.120000 0.170000
6 0.198333 0.100000 0.150000 0.166667
6 0.336667 0.096667 0.133333 0.173333
6 0.198333 0.266667 0.130000 0.166667
6 0.480000 0.258333 0.146667 0.163333
6 0.071667 0.445000 0.136667 0.176667
6 0.066667 0.590000 0.126667 0.113333
6 0.623333 0.096667 0.140000 0.173333
6 0.070000 0.270000 0.126667 0.173333
6 0.620000 0.266667 0.140000 0.166667
6 0.066667 0.700000 0.126667 0.106667
6 0.063333 0.801667 0.120000 0.096667
6 0.755000 0.096667 0.136667 0.166667
6 0.876667 0.103333 0.113333 0.153333
6 0.875000 0.245000 0.103333 0.123333
6 0.056667 0.916667 0.106667 0.126667
6 0.301667 0.670000 0.103333 0.126667
6 0.190000 0.671667 0.126667 0.123333
6 0.176667 0.875000 0.133333 0.110000
6 0.183333 0.778333 0.126667 0.103333
6 0.611667 0.665000 0.103333 0.130000
6 0.900000 0.881667 0.100000 0.116667
6 0.605000 0.786667 0.096667 0.120000
6 0.710000 0.790000 0.113333 0.126667
6 0.806667 0.793333 0.100000 0.113333
