6 0.125000 0.135000 0.243333 0.223333
6 0.126667 0.381667 0.246667 0.263333
6 0.373333 0.126667 0.253333 0.240000
6 0.380000 0.378333 0.253333 0.256667
6 0.625000 0.125000 0.243333 0.243333
6 0.626667 0.376667 0.240000 0.253333
6 0.873333 0.126667 0.253333 0.246667
6 0.876667 0.381667 0.246667 0.263333
6 0.140000 0.663333 0.240000 0.266667
6 0.138333 0.898333 0.243333 0.203333
6 0.386667 0.623333 0.240000 0.226667
6 0.388333 0.870000 0.243333 0.260000
6 0.630000 0.623333 0.233333 0.226667
6 0.631667 0.870000 0.236667 0.260000
6 0.870000 0.648333 0.240000 0.263333
6 0.870000 0.890000 0.240000 0.220000
