6 0.130000 0.173333 0.160000 0.260000
6 0.113333 0.428333 0.133333 0.270000
6 0.110000 0.656667 0.120000 0.273333
6 0.106667 0.868333 0.106667 0.263333
6 0.808333 0.286667 0.316667 0.440000
6 0.745000 0.633333 0.243333 0.380000
6 0.698333 0.876667 0.196667 0.246667
6 0.603333 0.265000 0.220000 0.343333
6 0.561667 0.566667 0.170000 0.326667
6 0.540000 0.825000 0.140000 0.296667
6 0.316667 0.756667 0.140000 0.286667
6 0.295000 0.921667 0.136667 0.156667
6 0.338333 0.506667 0.170000 0.333333
6 0.388333 0.231667 0.216667 0.323333
6 0.253333 0.203333 0.153333 0.253333
6 0.218333 0.478333 0.116667 0.263333
6 0.211667 0.725000 0.083333 0.263333
