6 0.748333 0.793333 0.163333 0.393333
6 0.933333 0.863333 0.126667 0.273333
6 0.910000 0.566667 0.160000 0.320000
6 0.873333 0.305000 0.146667 0.263333
6 0.828333 0.100000 0.130000 0.193333
6 0.943333 0.240000 0.113333 0.246667
6 0.725000 0.460000 0.130000 0.320000
6 0.701667 0.200000 0.110000 0.266667
6 0.690000 0.053333 0.100000 0.100000
6 0.598333 0.888333 0.156667 0.223333
6 0.585000 0.608333 0.156667 0.323333
6 0.571667 0.318333 0.136667 0.270000
6 0.553333 0.093333 0.126667 0.180000
6 0.435000 0.130000 0.110000 0.253333
6 0.441667 0.385000 0.110000 0.296667
6 0.443333 0.696667 0.133333 0.366667
6 0.103333 0.838333 0.200000 0.316667
6 0.105000 0.476667 0.203333 0.406667
6 0.138333 0.160000 0.190000 0.313333
6 0.286667 0.511667 0.166667 0.336667
6 0.275000 0.841667 0.156667 0.316667
6 0.305000 0.213333 0.150000 0.280000
