6 0.200000 0.351667 0.340000 0.356667
6 0.298333 0.608333 0.243333 0.276667
6 0.451667 0.303333 0.216667 0.226667
6 0.526667 0.481667 0.213333 0.230000
6 0.511667 0.731667 0.236667 0.276667
6 0.871667 0.766667 0.156667 0.186667
6 0.871667 0.628333 0.156667 0.096667
6 0.870000 0.520000 0.153333 0.120000
6 0.870000 0.400000 0.160000 0.120000
6 0.871667 0.278333 0.150000 0.123333
6 0.706667 0.326667 0.146667 0.126667
6 0.708333 0.448333 0.150000 0.123333
6 0.710000 0.570000 0.146667 0.120000
6 0.710000 0.718333 0.146667 0.176667
