6 0.201667 0.101667 0.136667 0.116667
6 0.353333 0.103333 0.133333 0.120000
6 0.505000 0.101667 0.136667 0.116667
6 0.656667 0.101667 0.140000 0.116667
6 0.801667 0.246667 0.136667 0.113333
6 0.656667 0.243333 0.133333 0.106667
6 0.506667 0.246667 0.133333 0.106667
6 0.355000 0.245000 0.136667 0.110000
6 0.205000 0.245000 0.136667 0.110000
6 0.203333 0.381667 0.133333 0.110000
6 0.353333 0.385000 0.140000 0.110000
6 0.503333 0.386667 0.133333 0.113333
6 0.655000 0.388333 0.136667 0.110000
6 0.505000 0.536667 0.136667 0.106667
6 0.355000 0.535000 0.136667 0.103333
6 0.201667 0.535000 0.136667 0.103333
6 0.201667 0.695000 0.136667 0.096667
6 0.351667 0.698333 0.136667 0.103333
6 0.501667 0.696667 0.136667 0.100000
6 0.655000 0.700000 0.136667 0.100000
6 0.201667 0.865000 0.136667 0.103333
6 0.351667 0.865000 0.136667 0.103333
6 0.503333 0.865000 0.133333 0.103333
