6 0.145000 0.238333 0.136667 0.236667
6 0.301667 0.235000 0.136667 0.236667
6 0.465000 0.231667 0.136667 0.236667
6 0.621667 0.231667 0.136667 0.236667
6 0.778333 0.235000 0.136667 0.236667
6 0.931667 0.235000 0.136667 0.236667
6 0.141667 0.495000 0.136667 0.236667
6 0.308333 0.498333 0.136667 0.236667
6 0.465000 0.498333 0.143333 0.230000
6 0.621667 0.495000 0.136667 0.230000
6 0.775000 0.495000 0.136667 0.230000
6 0.931667 0.498333 0.136667 0.230000
6 0.855000 0.790000 0.150000 0.233333
6 0.178333 0.795000 0.170000 0.256667
6 0.421667 0.791667 0.176667 0.250000
6 0.301667 0.783333 0.150000 0.240000
