6 0.146667 0.431667 0.200000 0.203333
6 0.123333 0.631667 0.220000 0.216667
6 0.346667 0.590000 0.206667 0.180000
6 0.348333 0.803333 0.216667 0.253333
6 0.556667 0.800000 0.206667 0.233333
6 0.555000 0.590000 0.203333 0.186667
6 0.760000 0.616667 0.213333 0.193333
6 0.760000 0.835000 0.213333 0.230000
6 0.930000 0.643333 0.140000 0.220000
6 0.921667 0.426667 0.156667 0.193333
6 0.750000 0.415000 0.206667 0.216667
6 0.550000 0.376667 0.186667 0.220000
6 0.358333 0.390000 0.203333 0.226667
6 0.356667 0.200000 0.206667 0.153333
6 0.551667 0.190000 0.183333 0.166667
6 0.740000 0.220000 0.193333 0.160000
