6 0.808333 0.870000 0.190000 0.246667
6 0.778333 0.628333 0.170000 0.243333
6 0.755000 0.400000 0.163333 0.213333
6 0.728333 0.210000 0.150000 0.193333
6 0.645000 0.870000 0.183333 0.253333
6 0.626667 0.625000 0.166667 0.250000
6 0.611667 0.395000 0.163333 0.230000
6 0.600000 0.196667 0.146667 0.200000
6 0.221667 0.685000 0.230000 0.350000
6 0.241667 0.380000 0.216667 0.286667
6 0.253333 0.121667 0.200000 0.230000
6 0.921667 0.833333 0.116667 0.220000
6 0.901667 0.620000 0.130000 0.220000
6 0.880000 0.418333 0.133333 0.196667
6 0.850000 0.233333 0.126667 0.186667
