6 0.850000 0.101667 0.153333 0.103333
6 0.895000 0.210000 0.156667 0.113333
6 0.923333 0.346667 0.153333 0.160000
6 0.718333 0.198333 0.130000 0.123333
6 0.601667 0.190000 0.116667 0.113333
6 0.611667 0.315000 0.130000 0.130000
6 0.736667 0.316667 0.146667 0.120000
6 0.763333 0.463333 0.160000 0.173333
6 0.628333 0.450000 0.143333 0.153333
6 0.488333 0.470000 0.130000 0.173333
6 0.493333 0.318333 0.126667 0.143333
6 0.778333 0.653333 0.150000 0.206667
6 0.630000 0.618333 0.146667 0.183333
6 0.488333 0.190000 0.116667 0.126667
6 0.491667 0.661667 0.150000 0.210000
6 0.328333 0.175000 0.116667 0.123333
6 0.321667 0.291667 0.123333 0.123333
6 0.305000 0.436667 0.136667 0.180000
6 0.283333 0.601667 0.166667 0.163333
6 0.143333 0.670000 0.180000 0.206667
6 0.185000 0.476667 0.143333 0.173333
6 0.203333 0.321667 0.126667 0.143333
6 0.228333 0.201667 0.110000 0.116667
6 0.080000 0.255000 0.140000 0.136667
6 0.065000 0.391667 0.123333 0.150000
6 0.945000 0.520000 0.110000 0.173333
