6 0.121667 0.393333 0.123333 0.106667
6 0.128333 0.495000 0.130000 0.103333
6 0.128333 0.595000 0.130000 0.096667
6 0.130000 0.690000 0.126667 0.086667
6 0.245000 0.385000 0.123333 0.103333
6 0.245000 0.488333 0.116667 0.103333
6 0.250000 0.588333 0.106667 0.096667
6 0.245000 0.688333 0.103333 0.096667
6 0.358333 0.688333 0.116667 0.110000
6 0.358333 0.585000 0.116667 0.096667
6 0.363333 0.485000 0.113333 0.103333
6 0.365000 0.385000 0.116667 0.096667
6 0.483333 0.366667 0.120000 0.100000
6 0.476667 0.466667 0.120000 0.106667
6 0.471667 0.573333 0.116667 0.100000
6 0.470000 0.675000 0.113333 0.103333
6 0.830000 0.385000 0.113333 0.103333
6 0.825000 0.483333 0.110000 0.100000
6 0.826667 0.578333 0.113333 0.103333
6 0.828333 0.678333 0.110000 0.096667
6 0.711667 0.383333 0.110000 0.100000
6 0.711667 0.483333 0.110000 0.100000
6 0.715000 0.583333 0.110000 0.100000
6 0.718333 0.683333 0.110000 0.100000
6 0.595000 0.395000 0.110000 0.096667
6 0.600000 0.495000 0.113333 0.103333
6 0.603333 0.593333 0.113333 0.100000
6 0.600000 0.700000 0.113333 0.100000
