6 0.106667 0.271667 0.206667 0.283333
6 0.108333 0.550000 0.210000 0.306667
6 0.098333 0.848333 0.190000 0.296667
6 0.306667 0.833333 0.253333 0.333333
6 0.323333 0.518333 0.226667 0.310000
6 0.323333 0.220000 0.220000 0.286667
6 0.541667 0.196667 0.216667 0.306667
6 0.551667 0.500000 0.236667 0.300000
6 0.551667 0.823333 0.236667 0.353333
6 0.766667 0.841667 0.193333 0.316667
6 0.763333 0.521667 0.200000 0.323333
6 0.765000 0.230000 0.223333 0.293333
6 0.935000 0.328333 0.130000 0.276667
6 0.945000 0.583333 0.110000 0.300000
