6 0.935000 0.473333 0.130000 0.106667
6 0.955000 0.350000 0.090000 0.133333
6 0.906667 0.558333 0.166667 0.083333
6 0.768333 0.588333 0.130000 0.090000
6 0.808333 0.500000 0.150000 0.106667
6 0.855000 0.393333 0.176667 0.126667
6 0.878333 0.271667 0.150000 0.110000
6 0.746667 0.665000 0.126667 0.083333
6 0.623333 0.665000 0.146667 0.103333
6 0.648333 0.580000 0.156667 0.093333
6 0.676667 0.480000 0.173333 0.113333
6 0.705000 0.360000 0.190000 0.140000
6 0.711667 0.258333 0.176667 0.070000
6 0.500000 0.691667 0.126667 0.103333
6 0.510000 0.615000 0.140000 0.110000
6 0.526667 0.520000 0.160000 0.126667
6 0.543333 0.393333 0.180000 0.133333
6 0.546667 0.273333 0.186667 0.106667
6 0.365000 0.318333 0.150000 0.143333
6 0.368333 0.441667 0.150000 0.116667
6 0.378333 0.540000 0.130000 0.086667
6 0.383333 0.620000 0.113333 0.073333
6 0.390000 0.688333 0.093333 0.070000
6 0.263333 0.653333 0.140000 0.093333
6 0.246667 0.573333 0.160000 0.100000
6 0.225000 0.480000 0.183333 0.106667
6 0.200000 0.353333 0.200000 0.140000
6 0.193333 0.260000 0.193333 0.060000
6 0.055000 0.355000 0.103333 0.150000
6 0.071667 0.495000 0.136667 0.136667
6 0.090000 0.601667 0.166667 0.110000
6 0.111667 0.690000 0.183333 0.106667
6 0.141667 0.751667 0.163333 0.083333
6 0.688333 0.758333 0.110000 0.090000
