6 0.465000 0.150000 0.136667 0.113333
6 0.601667 0.153333 0.130000 0.106667
6 0.163333 0.268333 0.140000 0.116667
6 0.308333 0.268333 0.143333 0.116667
6 0.456667 0.265000 0.140000 0.123333
6 0.591667 0.270000 0.130000 0.113333
6 0.725000 0.268333 0.130000 0.110000
6 0.860000 0.270000 0.140000 0.106667
6 0.873333 0.396667 0.106667 0.146667
6 0.880000 0.538333 0.120000 0.130000
6 0.760000 0.398333 0.106667 0.150000
6 0.633333 0.401667 0.113333 0.143333
6 0.518333 0.406667 0.123333 0.140000
6 0.395000 0.393333 0.110000 0.133333
6 0.271667 0.396667 0.123333 0.146667
6 0.148333 0.390000 0.123333 0.140000
6 0.138333 0.533333 0.130000 0.146667
6 0.266667 0.535000 0.133333 0.143333
6 0.123333 0.683333 0.120000 0.140000
6 0.126667 0.830000 0.133333 0.153333
6 0.263333 0.825000 0.133333 0.156667
6 0.393333 0.831667 0.126667 0.156667
6 0.516667 0.835000 0.120000 0.143333
6 0.640000 0.831667 0.126667 0.150000
6 0.755000 0.830000 0.116667 0.153333
6 0.870000 0.835000 0.120000 0.150000
6 0.876667 0.685000 0.113333 0.156667
6 0.753333 0.680000 0.120000 0.153333
6 0.633333 0.686667 0.120000 0.146667
6 0.508333 0.686667 0.123333 0.140000
6 0.388333 0.683333 0.116667 0.153333
6 0.258333 0.676667 0.116667 0.153333
6 0.393333 0.531667 0.113333 0.136667
