6 0.201667 0.210000 0.270000 0.246667
6 0.423333 0.213333 0.166667 0.240000
6 0.576667 0.218333 0.133333 0.250000
6 0.720000 0.213333 0.146667 0.240000
6 0.871667 0.215000 0.143333 0.250000
6 0.206667 0.493333 0.306667 0.253333
6 0.443333 0.493333 0.166667 0.260000
6 0.603333 0.490000 0.160000 0.260000
6 0.748333 0.495000 0.130000 0.250000
6 0.881667 0.493333 0.123333 0.240000
6 0.220000 0.790000 0.320000 0.286667
6 0.446667 0.790000 0.126667 0.266667
6 0.563333 0.788333 0.120000 0.256667
6 0.688333 0.786667 0.136667 0.260000
6 0.818333 0.795000 0.123333 0.263333
6 0.905000 0.778333 0.096667 0.256667
