6 0.100000 0.521667 0.193333 0.230000
6 0.168333 0.405000 0.230000 0.230000
6 0.290000 0.318333 0.213333 0.216667
6 0.431667 0.295000 0.170000 0.210000
6 0.570000 0.300000 0.140000 0.206667
6 0.711667 0.301667 0.216667 0.223333
6 0.830000 0.396667 0.246667 0.226667
6 0.895000 0.545000 0.210000 0.210000
6 0.640000 0.526667 0.186667 0.220000
6 0.376667 0.536667 0.180000 0.213333
6 0.503333 0.520000 0.153333 0.186667
6 0.281667 0.738333 0.150000 0.183333
6 0.430000 0.735000 0.146667 0.183333
6 0.578333 0.740000 0.150000 0.193333
6 0.731667 0.743333 0.156667 0.186667
