6 0.225000 0.218333 0.196667 0.376667
6 0.238333 0.543333 0.230000 0.273333
6 0.438333 0.533333 0.203333 0.286667
6 0.438333 0.205000 0.216667 0.350000
6 0.670000 0.195000 0.213333 0.356667
6 0.826667 0.190000 0.093333 0.366667
6 0.806667 0.510000 0.140000 0.280000
6 0.661667 0.510000 0.216667 0.286667
6 0.628333 0.758333 0.143333 0.223333
6 0.628333 0.928333 0.150000 0.143333
6 0.760000 0.918333 0.153333 0.163333
6 0.793333 0.750000 0.173333 0.206667
6 0.275000 0.780000 0.196667 0.233333
6 0.300000 0.931667 0.160000 0.136667
6 0.455000 0.938333 0.143333 0.123333
6 0.445000 0.770000 0.170000 0.200000
