6 0.290000 0.188333 0.093333 0.130000
6 0.430000 0.188333 0.093333 0.123333
6 0.568333 0.190000 0.096667 0.133333
6 0.710000 0.190000 0.093333 0.126667
6 0.290000 0.348333 0.120000 0.130000
6 0.431667 0.350000 0.123333 0.126667
6 0.568333 0.346667 0.123333 0.126667
6 0.710000 0.348333 0.093333 0.130000
6 0.290000 0.508333 0.120000 0.130000
6 0.430000 0.508333 0.100000 0.130000
6 0.573333 0.510000 0.093333 0.126667
6 0.710000 0.506667 0.120000 0.133333
6 0.710000 0.666667 0.120000 0.133333
6 0.571667 0.666667 0.096667 0.133333
6 0.430000 0.666667 0.120000 0.133333
6 0.291667 0.666667 0.096667 0.126667
6 0.290000 0.826667 0.120000 0.126667
