6 0.151667 0.098333 0.176667 0.130000
6 0.128333 0.258333 0.163333 0.190000
6 0.118333 0.446667 0.170000 0.186667
6 0.101667 0.636667 0.163333 0.180000
6 0.083333 0.841667 0.160000 0.203333
6 0.316667 0.123333 0.160000 0.160000
6 0.296667 0.290000 0.166667 0.200000
6 0.281667 0.478333 0.170000 0.190000
6 0.261667 0.666667 0.176667 0.193333
6 0.246667 0.860000 0.180000 0.193333
6 0.473333 0.135000 0.160000 0.170000
6 0.455000 0.303333 0.163333 0.173333
6 0.446667 0.481667 0.166667 0.190000
6 0.433333 0.673333 0.173333 0.186667
6 0.421667 0.868333 0.176667 0.196667
6 0.625000 0.141667 0.163333 0.156667
6 0.623333 0.308333 0.166667 0.183333
6 0.615000 0.491667 0.170000 0.190000
6 0.616667 0.683333 0.160000 0.193333
6 0.610000 0.876667 0.173333 0.186667
6 0.785000 0.150000 0.143333 0.166667
6 0.785000 0.325000 0.143333 0.176667
6 0.788333 0.506667 0.150000 0.180000
6 0.791667 0.690000 0.150000 0.186667
6 0.796667 0.880000 0.160000 0.186667
6 0.926667 0.145000 0.140000 0.156667
6 0.928333 0.313333 0.143333 0.180000
6 0.931667 0.491667 0.136667 0.183333
6 0.935000 0.676667 0.130000 0.193333
6 0.936667 0.875000 0.126667 0.196667
