6 0.700000 0.571667 0.120000 0.136667
6 0.701667 0.436667 0.116667 0.133333
6 0.693333 0.306667 0.113333 0.126667
6 0.846667 0.300000 0.120000 0.126667
6 0.850000 0.430000 0.120000 0.133333
6 0.851667 0.566667 0.116667 0.140000
6 0.561667 0.545000 0.116667 0.130000
6 0.556667 0.413333 0.106667 0.133333
6 0.558333 0.286667 0.103333 0.120000
6 0.396667 0.571667 0.100000 0.143333
6 0.398333 0.438333 0.103333 0.123333
6 0.401667 0.323333 0.096667 0.106667
6 0.146667 0.573333 0.100000 0.126667
6 0.150000 0.455000 0.100000 0.110000
6 0.155000 0.340000 0.090000 0.120000
6 0.266667 0.560000 0.113333 0.146667
6 0.276667 0.435000 0.100000 0.116667
6 0.281667 0.323333 0.103333 0.106667
6 0.280000 0.685000 0.126667 0.110000
6 0.401667 0.685000 0.103333 0.090000
6 0.583333 0.668333 0.106667 0.130000
6 0.703333 0.695000 0.120000 0.103333
6 0.816667 0.663333 0.106667 0.140000
