6 0.110000 0.876667 0.213333 0.246667
6 0.118333 0.613333 0.196667 0.280000
6 0.111667 0.300000 0.196667 0.280000
6 0.110000 0.081667 0.206667 0.156667
6 0.306667 0.108333 0.200000 0.210000
6 0.308333 0.345000 0.196667 0.256667
6 0.313333 0.610000 0.193333 0.280000
6 0.308333 0.875000 0.210000 0.250000
6 0.508333 0.878333 0.183333 0.243333
6 0.506667 0.618333 0.186667 0.276667
6 0.501667 0.348333 0.190000 0.276667
6 0.503333 0.110000 0.200000 0.213333
6 0.695000 0.123333 0.190000 0.240000
6 0.696667 0.326667 0.193333 0.166667
6 0.696667 0.591667 0.206667 0.330000
6 0.698333 0.876667 0.203333 0.246667
6 0.905000 0.865000 0.190000 0.250000
6 0.896667 0.580000 0.200000 0.326667
6 0.895000 0.335000 0.190000 0.183333
6 0.886667 0.128333 0.186667 0.250000
