6 0.870000 0.821667 0.253333 0.263333
6 0.865000 0.591667 0.243333 0.196667
6 0.845000 0.410000 0.243333 0.166667
6 0.830000 0.251667 0.213333 0.150000
6 0.828333 0.095000 0.216667 0.163333
6 0.611667 0.108333 0.203333 0.156667
6 0.608333 0.260000 0.210000 0.146667
6 0.616667 0.418333 0.226667 0.170000
6 0.608333 0.601667 0.243333 0.196667
6 0.616667 0.840000 0.260000 0.280000
6 0.345000 0.823333 0.256667 0.233333
6 0.363333 0.605000 0.266667 0.203333
6 0.380000 0.420000 0.233333 0.180000
6 0.403333 0.253333 0.213333 0.160000
6 0.410000 0.111667 0.200000 0.123333
6 0.218333 0.136667 0.203333 0.160000
6 0.186667 0.290000 0.246667 0.153333
6 0.150000 0.450000 0.253333 0.180000
6 0.130000 0.653333 0.246667 0.220000
6 0.123333 0.860000 0.233333 0.200000
