6 0.095000 0.251667 0.123333 0.123333
6 0.101667 0.375000 0.123333 0.123333
6 0.108333 0.490000 0.123333 0.120000
6 0.115000 0.605000 0.123333 0.116667
6 0.120000 0.718333 0.113333 0.116667
6 0.123333 0.795000 0.106667 0.050000
6 0.208333 0.250000 0.103333 0.133333
6 0.213333 0.373333 0.113333 0.120000
6 0.220000 0.490000 0.100000 0.120000
6 0.226667 0.606667 0.113333 0.113333
6 0.230000 0.715000 0.113333 0.110000
6 0.231667 0.795000 0.110000 0.050000
6 0.323333 0.161667 0.113333 0.076667
6 0.326667 0.258333 0.120000 0.116667
6 0.328333 0.376667 0.116667 0.120000
6 0.335000 0.493333 0.116667 0.120000
6 0.343333 0.605000 0.113333 0.110000
6 0.345000 0.718333 0.116667 0.116667
6 0.350000 0.796667 0.120000 0.053333
6 0.206667 0.163333 0.113333 0.073333
6 0.465000 0.793333 0.110000 0.053333
6 0.460000 0.713333 0.106667 0.113333
6 0.451667 0.605000 0.116667 0.116667
6 0.446667 0.493333 0.113333 0.120000
6 0.441667 0.375000 0.116667 0.116667
6 0.441667 0.256667 0.110000 0.120000
6 0.440000 0.161667 0.113333 0.070000
6 0.555000 0.165000 0.116667 0.070000
6 0.556667 0.261667 0.113333 0.123333
6 0.558333 0.385000 0.116667 0.123333
6 0.561667 0.501667 0.110000 0.110000
6 0.563333 0.610000 0.106667 0.113333
6 0.568333 0.721667 0.103333 0.110000
6 0.570000 0.800000 0.106667 0.046667
6 0.676667 0.798333 0.106667 0.050000
6 0.673333 0.608333 0.106667 0.110000
6 0.670000 0.493333 0.113333 0.113333
6 0.670000 0.383333 0.113333 0.126667
6 0.671667 0.256667 0.116667 0.120000
6 0.670000 0.161667 0.113333 0.070000
6 0.783333 0.161667 0.113333 0.070000
6 0.783333 0.255000 0.113333 0.116667
6 0.781667 0.371667 0.110000 0.116667
6 0.781667 0.491667 0.110000 0.123333
6 0.781667 0.606667 0.110000 0.113333
6 0.673333 0.718333 0.106667 0.110000
6 0.783333 0.715000 0.106667 0.103333
6 0.788333 0.793333 0.110000 0.060000
6 0.088333 0.158333 0.123333 0.070000
6 0.898333 0.793333 0.110000 0.053333
6 0.891667 0.713333 0.110000 0.100000
6 0.893333 0.600000 0.113333 0.126667
6 0.895000 0.481667 0.116667 0.116667
6 0.896667 0.368333 0.113333 0.116667
6 0.903333 0.255000 0.126667 0.116667
6 0.903333 0.163333 0.126667 0.066667
