6 0.083333 0.083333 0.160000 0.160000
6 0.085000 0.248333 0.163333 0.163333
6 0.085000 0.436667 0.163333 0.206667
6 0.086667 0.600000 0.166667 0.126667
6 0.085000 0.750000 0.163333 0.160000
6 0.085000 0.916667 0.163333 0.160000
6 0.251667 0.915000 0.170000 0.163333
6 0.253333 0.748333 0.166667 0.163333
6 0.251667 0.583333 0.163333 0.166667
6 0.251667 0.418333 0.163333 0.156667
6 0.253333 0.251667 0.160000 0.176667
6 0.251667 0.083333 0.163333 0.160000
6 0.418333 0.085000 0.156667 0.163333
6 0.580000 0.086667 0.166667 0.166667
6 0.751667 0.085000 0.170000 0.163333
6 0.918333 0.085000 0.163333 0.163333
6 0.421667 0.250000 0.170000 0.166667
6 0.586667 0.251667 0.160000 0.163333
6 0.750000 0.251667 0.166667 0.163333
6 0.916667 0.250000 0.166667 0.166667
6 0.916667 0.415000 0.166667 0.163333
6 0.751667 0.416667 0.170000 0.160000
6 0.580000 0.420000 0.173333 0.166667
