6 0.113333 0.851667 0.206667 0.190000
6 0.318333 0.821667 0.196667 0.170000
6 0.115000 0.651667 0.223333 0.196667
6 0.111667 0.468333 0.216667 0.170000
6 0.116667 0.310000 0.206667 0.180000
6 0.111667 0.135000 0.216667 0.196667
6 0.306667 0.143333 0.180000 0.166667
6 0.313333 0.313333 0.186667 0.166667
6 0.315000 0.470000 0.190000 0.166667
6 0.315000 0.636667 0.190000 0.166667
6 0.523333 0.811667 0.200000 0.176667
6 0.510000 0.591667 0.193333 0.170000
6 0.503333 0.430000 0.193333 0.173333
6 0.711667 0.898333 0.176667 0.123333
6 0.700000 0.758333 0.186667 0.170000
6 0.896667 0.910000 0.193333 0.100000
6 0.890000 0.765000 0.206667 0.190000
6 0.695000 0.593333 0.176667 0.160000
6 0.878333 0.596667 0.223333 0.180000
6 0.691667 0.436667 0.196667 0.160000
6 0.891667 0.440000 0.216667 0.166667
6 0.683333 0.285000 0.186667 0.163333
6 0.681667 0.121667 0.176667 0.163333
6 0.880000 0.106667 0.206667 0.140000
6 0.890000 0.248333 0.220000 0.176667
6 0.495000 0.278333 0.190000 0.143333
6 0.491667 0.121667 0.196667 0.163333
