6 0.228333 0.121667 0.256667 0.236667
6 0.243333 0.370000 0.246667 0.286667
6 0.248333 0.631667 0.243333 0.256667
6 0.263333 0.871667 0.253333 0.256667
6 0.493333 0.883333 0.240000 0.233333
6 0.486667 0.640000 0.240000 0.293333
6 0.478333 0.380000 0.236667 0.240000
6 0.475000 0.130000 0.243333 0.253333
6 0.711667 0.111667 0.243333 0.216667
6 0.713333 0.351667 0.226667 0.276667
6 0.728333 0.630000 0.230000 0.280000
6 0.731667 0.880000 0.243333 0.240000
6 0.928333 0.853333 0.143333 0.253333
6 0.930000 0.600000 0.140000 0.260000
6 0.918333 0.336667 0.163333 0.246667
6 0.915000 0.111667 0.170000 0.216667
