6 0.183333 0.143333 0.333333 0.180000
6 0.206667 0.336667 0.340000 0.246667
6 0.233333 0.593333 0.346667 0.266667
6 0.253333 0.831667 0.333333 0.276667
6 0.643333 0.210000 0.220000 0.186667
6 0.668333 0.388333 0.210000 0.190000
6 0.686667 0.570000 0.206667 0.180000
6 0.688333 0.756667 0.210000 0.180000
6 0.865000 0.238333 0.196667 0.183333
6 0.895000 0.405000 0.176667 0.176667
6 0.905000 0.580000 0.156667 0.173333
6 0.913333 0.748333 0.146667 0.203333
6 0.693333 0.888333 0.213333 0.116667
6 0.921667 0.876667 0.130000 0.133333
