6 0.230000 0.083333 0.160000 0.160000
6 0.236667 0.245000 0.160000 0.163333
6 0.240000 0.401667 0.153333 0.150000
6 0.243333 0.550000 0.153333 0.146667
6 0.251667 0.698333 0.143333 0.143333
6 0.258333 0.841667 0.143333 0.136667
6 0.263333 0.958333 0.133333 0.083333
6 0.078333 0.081667 0.150000 0.156667
6 0.081667 0.241667 0.156667 0.170000
6 0.091667 0.405000 0.156667 0.150000
6 0.091667 0.555000 0.150000 0.150000
6 0.096667 0.705000 0.146667 0.143333
6 0.098333 0.846667 0.143333 0.140000
6 0.096667 0.960000 0.140000 0.080000
6 0.383333 0.080000 0.146667 0.153333
6 0.383333 0.236667 0.146667 0.160000
6 0.386667 0.391667 0.146667 0.150000
6 0.393333 0.541667 0.146667 0.136667
6 0.395000 0.690000 0.143333 0.140000
6 0.398333 0.830000 0.136667 0.133333
6 0.400000 0.951667 0.140000 0.096667
6 0.528333 0.073333 0.136667 0.140000
6 0.530000 0.225000 0.133333 0.156667
6 0.528333 0.376667 0.130000 0.146667
6 0.530000 0.521667 0.133333 0.143333
6 0.531667 0.666667 0.143333 0.140000
6 0.531667 0.810000 0.143333 0.140000
6 0.536667 0.941667 0.133333 0.116667
6 0.676667 0.070000 0.153333 0.133333
6 0.668333 0.218333 0.150000 0.156667
6 0.665000 0.368333 0.150000 0.150000
6 0.666667 0.515000 0.146667 0.136667
6 0.668333 0.658333 0.136667 0.136667
6 0.671667 0.798333 0.136667 0.130000
6 0.670000 0.935000 0.133333 0.130000
6 0.821667 0.078333 0.150000 0.150000
6 0.816667 0.228333 0.146667 0.163333
6 0.810000 0.381667 0.140000 0.156667
6 0.806667 0.525000 0.140000 0.136667
6 0.801667 0.668333 0.136667 0.150000
6 0.800000 0.811667 0.126667 0.143333
6 0.798333 0.940000 0.130000 0.120000
6 0.945000 0.068333 0.103333 0.130000
6 0.945000 0.213333 0.110000 0.153333
6 0.938333 0.373333 0.123333 0.153333
6 0.931667 0.526667 0.110000 0.140000
6 0.920000 0.671667 0.100000 0.150000
6 0.908333 0.818333 0.090000 0.136667
6 0.901667 0.945000 0.083333 0.110000
