7 0.073333 0.258333 0.086667 0.510000
7 0.116667 0.308333 0.106667 0.610000
7 0.221667 0.338333 0.076667 0.670000
7 0.266667 0.438333 0.106667 0.870000
7 0.320000 0.288333 0.066667 0.570000
7 0.423333 0.345000 0.073333 0.683333
7 0.476667 0.460000 0.086667 0.913333
7 0.523333 0.171667 0.080000 0.336667
7 0.575000 0.338333 0.076667 0.670000
7 0.618333 0.228333 0.070000 0.450000
7 0.670000 0.373333 0.080000 0.740000
7 0.718333 0.151667 0.076667 0.296667
7 0.773333 0.425000 0.086667 0.843333
7 0.815000 0.291667 0.096667 0.576667
7 0.870000 0.356667 0.100000 0.706667
7 0.926667 0.433333 0.106667 0.860000
7 0.963333 0.278333 0.073333 0.550000
