7 0.048333 0.860000 0.036667 0.273333
7 0.075000 0.706667 0.063333 0.580000
7 0.131667 0.695000 0.050000 0.590000
7 0.166667 0.848333 0.046667 0.303333
7 0.213333 0.806667 0.046667 0.380000
7 0.946667 0.858333 0.060000 0.283333
7 0.935000 0.706667 0.070000 0.586667
7 0.696667 0.728333 0.060000 0.543333
7 0.753333 0.808333 0.053333 0.383333
7 0.718333 0.766667 0.056667 0.453333
7 0.781667 0.788333 0.043333 0.416667
7 0.803333 0.783333 0.053333 0.433333
7 0.843333 0.783333 0.053333 0.433333
7 0.496667 0.728333 0.053333 0.543333
7 0.563333 0.780000 0.046667 0.440000
