7 0.573333 0.448333 0.826667 0.083333
7 0.493333 0.478333 0.826667 0.083333
7 0.393333 0.515000 0.733333 0.083333
7 0.450000 0.541667 0.733333 0.083333
7 0.578333 0.583333 0.776667 0.080000
7 0.385000 0.613333 0.716667 0.086667
7 0.481667 0.653333 0.730000 0.073333
7 0.451667 0.686667 0.730000 0.073333
7 0.421667 0.713333 0.730000 0.073333
7 0.415000 0.750000 0.730000 0.073333
7 0.578333 0.791667 0.776667 0.103333
7 0.426667 0.818333 0.746667 0.096667
7 0.535000 0.913333 0.790000 0.133333
7 0.481667 0.381667 0.750000 0.110000
7 0.393333 0.351667 0.720000 0.110000
7 0.505000 0.310000 0.756667 0.113333
7 0.346667 0.296667 0.680000 0.126667
7 0.533333 0.238333 0.780000 0.116667
7 0.556667 0.213333 0.773333 0.146667
7 0.420000 0.120000 0.773333 0.146667
7 0.568333 0.166667 0.776667 0.153333
7 0.531667 0.133333 0.776667 0.153333
