7 0.488333 0.071667 0.710000 0.063333
7 0.495000 0.146667 0.703333 0.100000
7 0.523333 0.868333 0.780000 0.090000
7 0.556667 0.805000 0.780000 0.090000
7 0.550000 0.735000 0.780000 0.090000
7 0.536667 0.695000 0.780000 0.090000
7 0.523333 0.651667 0.780000 0.090000
7 0.503333 0.598333 0.780000 0.090000
7 0.493333 0.551667 0.780000 0.090000
7 0.486667 0.495000 0.780000 0.090000
7 0.490000 0.455000 0.780000 0.090000
7 0.483333 0.405000 0.780000 0.090000
7 0.493333 0.338333 0.780000 0.090000
7 0.501667 0.290000 0.763333 0.106667
7 0.471667 0.253333 0.763333 0.106667
7 0.488333 0.213333 0.763333 0.106667
