7 0.536667 0.560000 0.666667 0.046667
7 0.530000 0.533333 0.666667 0.046667
7 0.526667 0.573333 0.666667 0.046667
7 0.526667 0.603333 0.666667 0.046667
7 0.526667 0.630000 0.666667 0.046667
7 0.523333 0.660000 0.666667 0.046667
7 0.536667 0.490000 0.666667 0.046667
7 0.530000 0.500000 0.666667 0.046667
7 0.543333 0.443333 0.666667 0.046667
7 0.543333 0.406667 0.666667 0.046667
7 0.546667 0.376667 0.666667 0.046667
7 0.546667 0.350000 0.666667 0.046667
7 0.546667 0.330000 0.666667 0.046667
7 0.540000 0.303333 0.666667 0.046667
7 0.533333 0.293333 0.666667 0.046667
7 0.546667 0.266667 0.666667 0.046667
7 0.536667 0.246667 0.666667 0.046667
