7 0.071667 0.516667 0.136667 0.433333
7 0.125000 0.350000 0.150000 0.433333
7 0.226667 0.156667 0.100000 0.306667
7 0.085000 0.131667 0.070000 0.256667
7 0.391667 0.453333 0.096667 0.546667
7 0.676667 0.540000 0.173333 0.473333
7 0.915000 0.606667 0.170000 0.440000
7 0.908333 0.280000 0.136667 0.513333
7 0.620000 0.255000 0.113333 0.503333
7 0.676667 0.163333 0.080000 0.320000
7 0.853333 0.171667 0.080000 0.323333
7 0.443333 0.163333 0.080000 0.320000
2 0.133333 0.796667 0.213333 0.400000
2 0.375000 0.790000 0.210000 0.413333
2 0.613333 0.803333 0.206667 0.393333
2 0.846667 0.813333 0.220000 0.373333
