7 0.495000 0.063333 0.956667 0.106667
7 0.495000 0.100000 0.956667 0.106667
7 0.501667 0.166667 0.956667 0.106667
7 0.495000 0.220000 0.956667 0.106667
7 0.498333 0.303333 0.956667 0.106667
7 0.501667 0.373333 0.956667 0.106667
7 0.481667 0.420000 0.956667 0.106667
7 0.498333 0.483333 0.956667 0.106667
7 0.495000 0.523333 0.956667 0.106667
7 0.501667 0.590000 0.956667 0.106667
7 0.501667 0.653333 0.983333 0.093333
7 0.501667 0.711667 0.996667 0.103333
7 0.501667 0.771667 0.996667 0.103333
7 0.501667 0.841667 0.996667 0.103333
7 0.501667 0.915000 0.996667 0.103333
