7 0.135000 0.228333 0.050000 0.450000
7 0.096667 0.278333 0.073333 0.550000
7 0.163333 0.388333 0.073333 0.770000
7 0.216667 0.356667 0.066667 0.706667
7 0.286667 0.205000 0.053333 0.403333
7 0.256667 0.158333 0.053333 0.310000
7 0.320000 0.188333 0.046667 0.370000
7 0.356667 0.260000 0.060000 0.513333
7 0.393333 0.235000 0.053333 0.463333
7 0.443333 0.165000 0.053333 0.323333
7 0.481667 0.120000 0.056667 0.233333
7 0.516667 0.176667 0.060000 0.346667
7 0.555000 0.263333 0.063333 0.520000
7 0.586667 0.248333 0.053333 0.490000
7 0.621667 0.165000 0.050000 0.323333
7 0.660000 0.306667 0.060000 0.606667
7 0.693333 0.258333 0.046667 0.510000
7 0.761667 0.190000 0.050000 0.373333
7 0.800000 0.241667 0.060000 0.476667
7 0.376667 0.708333 0.060000 0.516667
