9 0.088333 0.260000 0.050000 0.473333
9 0.220000 0.251667 0.053333 0.470000
9 0.285000 0.258333 0.056667 0.470000
9 0.428333 0.260000 0.050000 0.466667
9 0.493333 0.256667 0.053333 0.473333
9 0.560000 0.258333 0.053333 0.470000
9 0.691667 0.253333 0.056667 0.466667
9 0.773333 0.258333 0.053333 0.470000
9 0.845000 0.253333 0.056667 0.466667
9 0.930000 0.258333 0.060000 0.463333
9 0.263333 0.743333 0.460000 0.073333
9 0.386667 0.745000 0.060000 0.470000
9 0.301667 0.746667 0.050000 0.473333
9 0.215000 0.745000 0.050000 0.470000
9 0.140000 0.745000 0.053333 0.470000
9 0.631667 0.735000 0.056667 0.470000
9 0.705000 0.740000 0.056667 0.466667
9 0.783333 0.748333 0.060000 0.476667
9 0.865000 0.738333 0.056667 0.470000
9 0.751667 0.713333 0.403333 0.266667
