9 0.358333 0.451667 0.050000 0.370000
9 0.323333 0.455000 0.040000 0.363333
9 0.075000 0.431667 0.043333 0.323333
9 0.253333 0.455000 0.033333 0.350000
9 0.288333 0.451667 0.036667 0.370000
9 0.325000 0.455000 0.043333 0.370000
9 0.221667 0.451667 0.030000 0.350000
9 0.191667 0.450000 0.030000 0.346667
9 0.160000 0.448333 0.033333 0.343333
9 0.131667 0.445000 0.030000 0.336667
9 0.700000 0.458333 0.433333 0.123333
9 0.688333 0.510000 0.416667 0.146667
9 0.220000 0.816667 0.433333 0.260000
9 0.685000 0.743333 0.403333 0.513333
