9 0.650000 0.478333 0.400000 0.050000
9 0.646667 0.520000 0.393333 0.040000
9 0.646667 0.556667 0.386667 0.040000
9 0.646667 0.590000 0.393333 0.040000
9 0.643333 0.630000 0.386667 0.040000
9 0.648333 0.668333 0.390000 0.043333
9 0.650000 0.701667 0.393333 0.036667
9 0.653333 0.736667 0.393333 0.033333
9 0.643333 0.768333 0.380000 0.036667
9 0.650000 0.800000 0.386667 0.040000
9 0.291667 0.226667 0.383333 0.053333
9 0.295000 0.260000 0.383333 0.046667
9 0.293333 0.293333 0.380000 0.040000
9 0.298333 0.326667 0.383333 0.033333
9 0.305000 0.361667 0.383333 0.030000
9 0.303333 0.395000 0.393333 0.036667
9 0.301667 0.426667 0.383333 0.033333
9 0.270000 0.458333 0.320000 0.036667
9 0.266667 0.490000 0.313333 0.033333
9 0.261667 0.516667 0.310000 0.020000
