9 0.285000 0.326667 0.563333 0.480000
9 0.770000 0.301667 0.440000 0.510000
9 0.223333 0.776667 0.440000 0.446667
9 0.638333 0.738333 0.410000 0.383333
9 0.908333 0.720000 0.183333 0.346667
9 0.281667 0.150000 0.550000 0.060000
9 0.280000 0.201667 0.553333 0.050000
9 0.276667 0.251667 0.546667 0.050000
9 0.285000 0.295000 0.550000 0.043333
9 0.295000 0.341667 0.523333 0.050000
9 0.301667 0.383333 0.516667 0.040000
9 0.313333 0.426667 0.513333 0.046667
9 0.301667 0.463333 0.503333 0.033333
9 0.306667 0.503333 0.493333 0.040000
9 0.310000 0.540000 0.500000 0.046667
