9 0.173333 0.148333 0.326667 0.270000
9 0.170000 0.461667 0.326667 0.390000
9 0.143333 0.731667 0.266667 0.143333
9 0.198333 0.873333 0.263333 0.240000
9 0.486667 0.165000 0.306667 0.296667
9 0.816667 0.163333 0.300000 0.286667
9 0.708333 0.605000 0.036667 0.476667
9 0.795000 0.673333 0.056667 0.486667
9 0.601667 0.573333 0.090000 0.460000
9 0.933333 0.611667 0.126667 0.456667
9 0.668333 0.631667 0.063333 0.483333
9 0.745000 0.618333 0.043333 0.476667
9 0.533333 0.625000 0.106667 0.476667
9 0.373333 0.685000 0.086667 0.463333
9 0.668333 0.663333 0.656667 0.633333
