9 0.693333 0.341667 0.600000 0.156667
9 0.908333 0.596667 0.183333 0.186667
9 0.293333 0.615000 0.280000 0.063333
9 0.290000 0.673333 0.280000 0.066667
9 0.333333 0.715000 0.260000 0.050000
9 0.358333 0.761667 0.263333 0.056667
9 0.423333 0.805000 0.253333 0.050000
9 0.410000 0.571667 0.233333 0.176667
9 0.480000 0.560000 0.233333 0.193333
9 0.573333 0.571667 0.220000 0.183333
9 0.668333 0.583333 0.216667 0.186667
9 0.738333 0.576667 0.216667 0.193333
9 0.821667 0.588333 0.210000 0.210000
9 0.715000 0.741667 0.570000 0.196667
