9 0.555000 0.645000 0.050000 0.383333
9 0.751667 0.098333 0.443333 0.056667
9 0.758333 0.261667 0.470000 0.410000
9 0.253333 0.306667 0.493333 0.426667
9 0.323333 0.665000 0.440000 0.410000
9 0.885000 0.645000 0.043333 0.376667
9 0.841667 0.643333 0.036667 0.373333
9 0.771667 0.638333 0.043333 0.376667
9 0.810000 0.640000 0.040000 0.380000
9 0.736667 0.643333 0.040000 0.380000
9 0.700000 0.643333 0.033333 0.393333
9 0.665000 0.645000 0.036667 0.383333
9 0.631667 0.648333 0.043333 0.390000
9 0.766667 0.143333 0.440000 0.046667
9 0.761667 0.175000 0.450000 0.036667
9 0.763333 0.213333 0.460000 0.040000
9 0.766667 0.248333 0.446667 0.036667
9 0.761667 0.286667 0.436667 0.040000
9 0.765000 0.433333 0.430000 0.040000
