9 0.763333 0.166667 0.460000 0.326667
9 0.275000 0.151667 0.516667 0.296667
9 0.270000 0.543333 0.526667 0.480000
9 0.751667 0.551667 0.463333 0.416667
9 0.771667 0.870000 0.430000 0.260000
9 0.300000 0.875000 0.486667 0.250000
9 0.770000 0.085000 0.453333 0.070000
9 0.763333 0.128333 0.453333 0.063333
9 0.273333 0.046667 0.520000 0.053333
9 0.265000 0.093333 0.523333 0.053333
9 0.270000 0.140000 0.520000 0.053333
9 0.276667 0.188333 0.520000 0.050000
9 0.276667 0.230000 0.506667 0.046667
9 0.278333 0.278333 0.510000 0.050000
