9 0.233333 0.265000 0.126667 0.256667
9 0.223333 0.540000 0.140000 0.280000
9 0.213333 0.825000 0.140000 0.290000
9 0.355000 0.825000 0.136667 0.290000
9 0.498333 0.826667 0.136667 0.293333
9 0.645000 0.821667 0.136667 0.283333
9 0.778333 0.533333 0.150000 0.293333
9 0.635000 0.528333 0.136667 0.270000
9 0.495000 0.531667 0.130000 0.296667
9 0.363333 0.538333 0.133333 0.283333
9 0.375000 0.270000 0.130000 0.246667
9 0.500000 0.270000 0.133333 0.246667
9 0.626667 0.266667 0.126667 0.240000
9 0.768333 0.273333 0.150000 0.240000
9 0.773333 0.841667 0.133333 0.316667
