10 0.036667 0.390000 0.053333 0.773333
10 0.071667 0.471667 0.103333 0.850000
10 0.086667 0.371667 0.100000 0.736667
10 0.146667 0.453333 0.066667 0.900000
10 0.201667 0.490000 0.103333 0.973333
10 0.248333 0.500000 0.096667 0.993333
10 0.281667 0.500000 0.096667 0.993333
10 0.318333 0.501667 0.096667 0.996667
10 0.375000 0.501667 0.096667 0.996667
10 0.415000 0.501667 0.096667 0.996667
10 0.481667 0.501667 0.096667 0.996667
10 0.535000 0.501667 0.096667 0.996667
10 0.746667 0.501667 0.440000 0.996667
