11 0.068333 0.141667 0.050000 0.050000
11 0.190000 0.105000 0.046667 0.043333
11 0.158333 0.220000 0.050000 0.053333
11 0.290000 0.136667 0.040000 0.046667
11 0.261667 0.236667 0.043333 0.046667
11 0.160000 0.400000 0.086667 0.073333
11 0.461667 0.305000 0.076667 0.050000
11 0.418333 0.030000 0.070000 0.040000
11 0.846667 0.190000 0.073333 0.073333
11 0.435000 0.563333 0.056667 0.033333
11 0.828333 0.506667 0.090000 0.080000
11 0.801667 0.738333 0.076667 0.070000
11 0.805000 0.906667 0.083333 0.086667
0 0.158333 0.543333 0.136667 0.206667
