11 0.050000 0.911667 0.086667 0.090000
11 0.143333 0.908333 0.086667 0.090000
11 0.246667 0.911667 0.086667 0.090000
11 0.346667 0.911667 0.086667 0.090000
11 0.440000 0.928333 0.086667 0.090000
11 0.430000 0.835000 0.086667 0.090000
11 0.336667 0.821667 0.086667 0.090000
11 0.236667 0.818333 0.086667 0.090000
11 0.140000 0.811667 0.086667 0.090000
11 0.046667 0.818333 0.086667 0.090000
11 0.053333 0.725000 0.086667 0.090000
11 0.150000 0.718333 0.086667 0.090000
11 0.251667 0.721667 0.090000 0.090000
11 0.348333 0.721667 0.090000 0.090000
11 0.445000 0.738333 0.090000 0.090000
11 0.428333 0.630000 0.090000 0.100000
11 0.325000 0.623333 0.090000 0.100000
11 0.228333 0.620000 0.090000 0.100000
11 0.125000 0.616667 0.090000 0.100000
11 0.036667 0.621667 0.060000 0.096667
11 0.048333 0.538333 0.090000 0.070000
11 0.150000 0.535000 0.093333 0.070000
11 0.251667 0.535000 0.096667 0.070000
11 0.353333 0.535000 0.093333 0.070000
11 0.891667 0.920000 0.070000 0.080000
11 0.763333 0.808333 0.066667 0.076667
11 0.891667 0.711667 0.070000 0.076667
11 0.718333 0.583333 0.063333 0.073333
11 0.653333 0.625000 0.060000 0.063333
11 0.636667 0.568333 0.073333 0.050000
11 0.646667 0.698333 0.073333 0.056667
11 0.566667 0.780000 0.066667 0.060000
11 0.630000 0.805000 0.060000 0.056667
11 0.690000 0.818333 0.073333 0.063333
11 0.560000 0.936667 0.066667 0.073333
11 0.665000 0.903333 0.063333 0.080000
11 0.555000 0.831667 0.063333 0.070000
11 0.536667 0.703333 0.053333 0.073333
11 0.536667 0.535000 0.060000 0.056667
11 0.865000 0.633333 0.056667 0.086667
11 0.741667 0.670000 0.063333 0.073333
11 0.771667 0.603333 0.063333 0.073333
11 0.705000 0.721667 0.063333 0.063333
11 0.800000 0.965000 0.060000 0.056667
11 0.588333 0.396667 0.110000 0.113333
11 0.595000 0.295000 0.116667 0.096667
11 0.590000 0.195000 0.106667 0.103333
11 0.625000 0.113333 0.096667 0.086667
11 0.741667 0.128333 0.090000 0.096667
11 0.831667 0.130000 0.090000 0.086667
11 0.911667 0.120000 0.090000 0.086667
11 0.730000 0.228333 0.093333 0.090000
11 0.723333 0.323333 0.100000 0.100000
11 0.718333 0.430000 0.103333 0.113333
11 0.823333 0.401667 0.100000 0.103333
11 0.818333 0.303333 0.096667 0.093333
11 0.823333 0.213333 0.093333 0.086667
11 0.911667 0.201667 0.090000 0.083333
11 0.913333 0.296667 0.100000 0.100000
11 0.918333 0.400000 0.110000 0.106667
11 0.316667 0.255000 0.046667 0.050000
11 0.470000 0.316667 0.046667 0.073333
11 0.238333 0.248333 0.036667 0.043333
11 0.173333 0.288333 0.040000 0.043333
11 0.103333 0.271667 0.040000 0.043333
11 0.105000 0.138333 0.036667 0.036667
11 0.190000 0.140000 0.033333 0.040000
11 0.225000 0.170000 0.036667 0.040000
11 0.295000 0.170000 0.030000 0.040000
11 0.303333 0.413333 0.040000 0.040000
11 0.173333 0.186667 0.033333 0.033333
11 0.115000 0.186667 0.036667 0.033333
11 0.036667 0.146667 0.033333 0.033333
11 0.038333 0.288333 0.050000 0.043333
11 0.021667 0.245000 0.030000 0.036667
11 0.028333 0.193333 0.036667 0.033333
