11 0.575000 0.156667 0.176667 0.093333
11 0.753333 0.198333 0.153333 0.103333
11 0.230000 0.171667 0.140000 0.103333
11 0.711667 0.680000 0.136667 0.086667
11 0.851667 0.723333 0.123333 0.073333
11 0.625000 0.281667 0.156667 0.076667
11 0.871667 0.453333 0.116667 0.086667
11 0.735000 0.411667 0.130000 0.083333
11 0.793333 0.276667 0.146667 0.066667
11 0.461667 0.258333 0.136667 0.083333
11 0.413333 0.200000 0.160000 0.093333
11 0.430000 0.561667 0.140000 0.096667
11 0.508333 0.536667 0.150000 0.086667
11 0.583333 0.513333 0.133333 0.086667
11 0.658333 0.631667 0.143333 0.070000
11 0.520000 0.688333 0.106667 0.076667
11 0.403333 0.671667 0.140000 0.076667
11 0.440000 0.721667 0.126667 0.070000
11 0.213333 0.491667 0.093333 0.076667
11 0.178333 0.735000 0.083333 0.070000
11 0.700000 0.105000 0.153333 0.103333
11 0.506667 0.325000 0.133333 0.096667
11 0.563333 0.420000 0.140000 0.093333
11 0.833333 0.663333 0.126667 0.060000
11 0.775000 0.588333 0.163333 0.063333
11 0.750000 0.513333 0.126667 0.100000
11 0.676667 0.490000 0.106667 0.100000
11 0.816667 0.143333 0.153333 0.093333
