11 0.103333 0.478333 0.146667 0.103333
11 0.241667 0.400000 0.143333 0.086667
11 0.348333 0.341667 0.130000 0.070000
11 0.481667 0.340000 0.150000 0.060000
11 0.590000 0.311667 0.140000 0.083333
11 0.476667 0.386667 0.140000 0.080000
11 0.625000 0.398333 0.143333 0.090000
11 0.820000 0.450000 0.146667 0.100000
11 0.675000 0.488333 0.136667 0.096667
11 0.485000 0.503333 0.150000 0.113333
11 0.550000 0.475000 0.126667 0.083333
11 0.586667 0.571667 0.153333 0.116667
11 0.426667 0.638333 0.173333 0.110000
11 0.415000 0.541667 0.170000 0.096667
11 0.255000 0.566667 0.170000 0.106667
