11 0.145000 0.921667 0.283333 0.156667
11 0.223333 0.720000 0.313333 0.273333
11 0.745000 0.783333 0.236667 0.386667
11 0.498333 0.456667 0.296667 0.360000
11 0.798333 0.495000 0.296667 0.363333
11 0.571667 0.280000 0.296667 0.286667
11 0.906667 0.228333 0.186667 0.323333
11 0.671667 0.161667 0.243333 0.316667
11 0.480000 0.221667 0.246667 0.283333
11 0.296667 0.191667 0.153333 0.303333
11 0.448333 0.895000 0.223333 0.210000
11 0.115000 0.420000 0.223333 0.240000
11 0.060000 0.160000 0.113333 0.233333
