11 0.615000 0.285000 0.170000 0.190000
11 0.805000 0.278333 0.183333 0.196667
11 0.158333 0.343333 0.083333 0.080000
11 0.246667 0.343333 0.086667 0.086667
11 0.335000 0.351667 0.083333 0.090000
11 0.120000 0.425000 0.053333 0.090000
11 0.191667 0.423333 0.090000 0.086667
11 0.286667 0.426667 0.086667 0.086667
11 0.371667 0.428333 0.076667 0.083333
11 0.156667 0.510000 0.086667 0.080000
11 0.243333 0.503333 0.086667 0.086667
11 0.331667 0.508333 0.090000 0.090000
11 0.393333 0.511667 0.033333 0.090000
11 0.123333 0.575000 0.060000 0.070000
11 0.193333 0.581667 0.086667 0.056667
11 0.281667 0.580000 0.090000 0.060000
11 0.366667 0.581667 0.086667 0.056667
11 0.538333 0.643333 0.103333 0.080000
11 0.645000 0.640000 0.103333 0.073333
11 0.751667 0.646667 0.096667 0.073333
11 0.590000 0.705000 0.093333 0.070000
11 0.693333 0.711667 0.113333 0.083333
11 0.783333 0.708333 0.046667 0.083333
11 0.530000 0.763333 0.093333 0.086667
11 0.628333 0.780000 0.110000 0.086667
11 0.753333 0.783333 0.106667 0.093333
11 0.513333 0.845000 0.066667 0.096667
11 0.596667 0.865000 0.100000 0.090000
11 0.700000 0.855000 0.100000 0.083333
