11 0.181667 0.190000 0.150000 0.153333
11 0.326667 0.186667 0.146667 0.153333
11 0.476667 0.173333 0.153333 0.160000
11 0.620000 0.170000 0.140000 0.160000
11 0.771667 0.156667 0.150000 0.153333
11 0.921667 0.151667 0.156667 0.156667
11 0.878333 0.275000 0.156667 0.156667
11 0.720000 0.281667 0.166667 0.156667
11 0.566667 0.293333 0.153333 0.160000
11 0.408333 0.298333 0.156667 0.163333
11 0.250000 0.318333 0.160000 0.156667
11 0.096667 0.318333 0.153333 0.156667
11 0.088333 0.608333 0.163333 0.183333
11 0.245000 0.603333 0.170000 0.186667
11 0.411667 0.596667 0.163333 0.193333
11 0.571667 0.591667 0.163333 0.190000
11 0.728333 0.576667 0.163333 0.180000
11 0.885000 0.573333 0.156667 0.180000
11 0.908333 0.468333 0.143333 0.123333
11 0.765000 0.466667 0.143333 0.113333
11 0.625000 0.476667 0.143333 0.120000
11 0.485000 0.478333 0.130000 0.116667
11 0.340000 0.490000 0.140000 0.120000
11 0.200000 0.493333 0.140000 0.120000
11 0.268333 0.768333 0.170000 0.110000
11 0.435000 0.770000 0.163333 0.120000
11 0.603333 0.775000 0.166667 0.116667
11 0.306667 0.883333 0.213333 0.200000
11 0.511667 0.883333 0.196667 0.193333
11 0.713333 0.893333 0.206667 0.193333
