11 0.085000 0.795000 0.163333 0.103333
11 0.220000 0.616667 0.146667 0.080000
11 0.431667 0.701667 0.150000 0.090000
11 0.718333 0.735000 0.163333 0.103333
11 0.813333 0.580000 0.146667 0.086667
11 0.520000 0.563333 0.140000 0.080000
11 0.268333 0.496667 0.130000 0.066667
11 0.045000 0.551667 0.083333 0.076667
11 0.090000 0.445000 0.126667 0.063333
11 0.053333 0.361667 0.100000 0.056667
11 0.270000 0.383333 0.120000 0.060000
11 0.450000 0.430000 0.120000 0.066667
11 0.650000 0.478333 0.133333 0.070000
11 0.808333 0.411667 0.123333 0.070000
11 0.966667 0.488333 0.066667 0.063333
11 0.941667 0.360000 0.116667 0.053333
11 0.773333 0.306667 0.120000 0.073333
11 0.638333 0.355000 0.116667 0.070000
11 0.470000 0.320000 0.120000 0.053333
11 0.353333 0.260000 0.100000 0.053333
11 0.240000 0.220000 0.106667 0.053333
11 0.210000 0.308333 0.106667 0.056667
11 0.098333 0.260000 0.103333 0.053333
11 0.020000 0.220000 0.033333 0.040000
11 0.133333 0.181667 0.100000 0.050000
11 0.263333 0.148333 0.086667 0.050000
11 0.368333 0.180000 0.090000 0.053333
11 0.483333 0.218333 0.113333 0.056667
11 0.608333 0.265000 0.103333 0.056667
11 0.906667 0.266667 0.106667 0.060000
11 0.738333 0.223333 0.110000 0.053333
11 0.606667 0.181667 0.100000 0.043333
11 0.491667 0.148333 0.096667 0.036667
11 0.386667 0.118333 0.086667 0.036667
11 0.491667 0.088333 0.076667 0.036667
11 0.596667 0.111667 0.086667 0.036667
11 0.716667 0.148333 0.106667 0.036667
11 0.853333 0.180000 0.100000 0.046667
0 0.165000 0.855000 0.323333 0.216667
0 0.440000 0.785000 0.260000 0.210000
0 0.703333 0.808333 0.286667 0.203333
