11 0.691667 0.513333 0.250000 0.220000
11 0.216667 0.268333 0.266667 0.243333
11 0.370000 0.370000 0.260000 0.260000
11 0.588333 0.378333 0.210000 0.236667
11 0.608333 0.226667 0.203333 0.160000
11 0.750000 0.378333 0.146667 0.170000
11 0.895000 0.525000 0.210000 0.163333
11 0.885000 0.706667 0.230000 0.226667
11 0.720000 0.783333 0.253333 0.180000
11 0.521667 0.823333 0.263333 0.100000
11 0.201667 0.770000 0.296667 0.200000
11 0.506667 0.673333 0.246667 0.220000
11 0.358333 0.563333 0.250000 0.226667
11 0.108333 0.636667 0.210000 0.206667
11 0.120000 0.408333 0.233333 0.223333
11 0.413333 0.226667 0.193333 0.160000
11 0.775000 0.223333 0.190000 0.193333
11 0.905000 0.395000 0.190000 0.190000
11 0.911667 0.236667 0.176667 0.173333
