11 0.558333 0.275000 0.223333 0.230000
11 0.833333 0.496667 0.213333 0.200000
11 0.771667 0.626667 0.236667 0.226667
11 0.565000 0.691667 0.250000 0.230000
11 0.321667 0.711667 0.243333 0.236667
11 0.426667 0.555000 0.233333 0.156667
11 0.191667 0.610000 0.243333 0.226667
11 0.176667 0.455000 0.226667 0.170000
11 0.350000 0.353333 0.213333 0.180000
11 0.376667 0.448333 0.153333 0.170000
11 0.540000 0.388333 0.233333 0.196667
11 0.620000 0.510000 0.200000 0.173333
11 0.691667 0.376667 0.096667 0.166667
