11 0.740000 0.088333 0.093333 0.170000
11 0.833333 0.141667 0.113333 0.170000
11 0.780000 0.243333 0.113333 0.173333
11 0.893333 0.248333 0.106667 0.163333
11 0.848333 0.365000 0.103333 0.163333
11 0.900000 0.075000 0.100000 0.143333
11 0.761667 0.411667 0.103333 0.176667
11 0.871667 0.435000 0.116667 0.150000
11 0.870000 0.583333 0.106667 0.166667
11 0.791667 0.566667 0.103333 0.153333
11 0.818333 0.693333 0.110000 0.173333
11 0.746667 0.736667 0.100000 0.180000
11 0.876667 0.795000 0.120000 0.170000
11 0.800000 0.886667 0.106667 0.173333
11 0.875000 0.950000 0.103333 0.100000
11 0.703333 0.896667 0.100000 0.160000
11 0.673333 0.958333 0.113333 0.083333
11 0.601667 0.931667 0.096667 0.136667
11 0.521667 0.933333 0.116667 0.133333
11 0.481667 0.876667 0.103333 0.173333
11 0.416667 0.975000 0.100000 0.050000
11 0.365000 0.895000 0.110000 0.170000
11 0.293333 0.946667 0.113333 0.106667
11 0.166667 0.826667 0.106667 0.173333
11 0.245000 0.893333 0.096667 0.166667
11 0.156667 0.945000 0.120000 0.103333
