11 0.185000 0.905000 0.216667 0.190000
11 0.390000 0.810000 0.200000 0.226667
11 0.473333 0.905000 0.186667 0.190000
11 0.708333 0.696667 0.236667 0.233333
11 0.293333 0.626667 0.240000 0.253333
11 0.496667 0.501667 0.233333 0.216667
11 0.720000 0.468333 0.240000 0.223333
11 0.521667 0.176667 0.250000 0.240000
11 0.735000 0.153333 0.203333 0.200000
11 0.896667 0.333333 0.206667 0.226667
11 0.135000 0.151667 0.250000 0.243333
11 0.186667 0.426667 0.206667 0.200000
11 0.100000 0.538333 0.193333 0.190000
11 0.050000 0.348333 0.093333 0.203333
11 0.645000 0.945000 0.223333 0.110000
11 0.046667 0.716667 0.086667 0.226667
11 0.943333 0.796667 0.113333 0.193333
11 0.881667 0.628333 0.183333 0.216667
11 0.660000 0.285000 0.213333 0.130000
11 0.921667 0.131667 0.156667 0.216667
11 0.338333 0.253333 0.203333 0.213333
11 0.528333 0.051667 0.223333 0.096667
11 0.773333 0.896667 0.193333 0.200000
11 0.198333 0.730000 0.183333 0.180000
11 0.316667 0.930000 0.126667 0.133333
