11 0.611667 0.726667 0.230000 0.240000
11 0.786667 0.675000 0.186667 0.230000
11 0.901667 0.531667 0.196667 0.216667
11 0.823333 0.410000 0.186667 0.206667
11 0.701667 0.506667 0.183333 0.166667
11 0.588333 0.561667 0.216667 0.190000
11 0.395000 0.696667 0.203333 0.240000
11 0.241667 0.585000 0.190000 0.223333
11 0.126667 0.393333 0.206667 0.213333
11 0.100000 0.508333 0.193333 0.196667
11 0.288333 0.458333 0.170000 0.190000
11 0.456667 0.511667 0.186667 0.210000
11 0.635000 0.380000 0.183333 0.186667
11 0.406667 0.341667 0.180000 0.170000
11 0.510000 0.293333 0.186667 0.220000
11 0.653333 0.185000 0.173333 0.143333
11 0.678333 0.270000 0.143333 0.146667
11 0.323333 0.185000 0.180000 0.196667
