11 0.145000 0.168333 0.116667 0.170000
11 0.051667 0.295000 0.096667 0.176667
11 0.168333 0.338333 0.123333 0.190000
11 0.085000 0.476667 0.116667 0.173333
11 0.046667 0.633333 0.086667 0.173333
11 0.153333 0.618333 0.120000 0.183333
11 0.141667 0.803333 0.123333 0.180000
11 0.071667 0.930000 0.116667 0.140000
11 0.275000 0.851667 0.116667 0.176667
11 0.276667 0.668333 0.120000 0.170000
11 0.250000 0.486667 0.120000 0.173333
11 0.293333 0.313333 0.113333 0.180000
11 0.286667 0.138333 0.120000 0.176667
11 0.410000 0.168333 0.113333 0.183333
11 0.408333 0.375000 0.116667 0.176667
11 0.378333 0.556667 0.116667 0.173333
11 0.388333 0.748333 0.110000 0.170000
11 0.418333 0.945000 0.116667 0.110000
11 0.496667 0.826667 0.113333 0.173333
11 0.493333 0.643333 0.120000 0.173333
11 0.518333 0.318333 0.116667 0.176667
11 0.551667 0.138333 0.110000 0.170000
11 0.613333 0.813333 0.106667 0.173333
11 0.618333 0.628333 0.130000 0.183333
11 0.615000 0.440000 0.116667 0.173333
11 0.646667 0.258333 0.120000 0.176667
11 0.668333 0.083333 0.110000 0.160000
11 0.795000 0.118333 0.116667 0.176667
11 0.771667 0.290000 0.110000 0.173333
11 0.726667 0.511667 0.113333 0.170000
11 0.721667 0.735000 0.116667 0.176667
11 0.703333 0.926667 0.113333 0.146667
11 0.836667 0.801667 0.113333 0.176667
11 0.831667 0.621667 0.116667 0.170000
11 0.948333 0.753333 0.103333 0.173333
11 0.941667 0.570000 0.110000 0.173333
11 0.851667 0.435000 0.116667 0.170000
11 0.960000 0.395000 0.080000 0.163333
11 0.896667 0.230000 0.113333 0.160000
11 0.470000 0.076667 0.113333 0.146667
