11 0.153333 0.668333 0.073333 0.070000
11 0.215000 0.683333 0.076667 0.066667
11 0.288333 0.671667 0.070000 0.063333
11 0.118333 0.633333 0.070000 0.053333
11 0.488333 0.606667 0.050000 0.073333
11 0.821667 0.546667 0.050000 0.053333
11 0.495000 0.211667 0.050000 0.070000
11 0.215000 0.305000 0.076667 0.070000
11 0.288333 0.288333 0.076667 0.056667
11 0.145000 0.286667 0.076667 0.066667
11 0.115000 0.261667 0.070000 0.056667
11 0.126667 0.226667 0.066667 0.040000
11 0.158333 0.206667 0.056667 0.033333
11 0.203333 0.200000 0.053333 0.033333
11 0.253333 0.195000 0.046667 0.030000
11 0.130000 0.591667 0.060000 0.036667
11 0.161667 0.573333 0.056667 0.040000
11 0.206667 0.561667 0.046667 0.036667
11 0.255000 0.561667 0.043333 0.036667
11 0.293333 0.568333 0.033333 0.036667
