11 0.140000 0.525000 0.113333 0.136667
11 0.218333 0.610000 0.123333 0.146667
11 0.303333 0.705000 0.126667 0.150000
11 0.400000 0.798333 0.120000 0.150000
11 0.498333 0.891667 0.123333 0.163333
11 0.578333 0.773333 0.130000 0.153333
11 0.658333 0.663333 0.123333 0.140000
11 0.718333 0.555000 0.116667 0.130000
11 0.791667 0.468333 0.116667 0.123333
11 0.695000 0.398333 0.110000 0.116667
11 0.638333 0.488333 0.090000 0.130000
11 0.571667 0.601667 0.096667 0.116667
11 0.480000 0.686667 0.120000 0.146667
11 0.381667 0.613333 0.110000 0.146667
11 0.295000 0.508333 0.110000 0.136667
11 0.218333 0.426667 0.116667 0.126667
11 0.280000 0.346667 0.073333 0.113333
