11 0.150000 0.616667 0.113333 0.113333
11 0.256667 0.798333 0.113333 0.123333
11 0.336667 0.725000 0.113333 0.116667
11 0.266667 0.636667 0.113333 0.113333
11 0.190000 0.491667 0.106667 0.110000
11 0.291667 0.530000 0.116667 0.113333
11 0.385000 0.620000 0.116667 0.113333
11 0.271667 0.416667 0.110000 0.106667
11 0.245000 0.316667 0.110000 0.106667
11 0.346667 0.273333 0.106667 0.113333
11 0.380000 0.413333 0.106667 0.106667
11 0.435000 0.778333 0.116667 0.116667
11 0.563333 0.775000 0.120000 0.123333
11 0.493333 0.678333 0.113333 0.116667
11 0.671667 0.741667 0.123333 0.123333
11 0.603333 0.643333 0.106667 0.113333
11 0.515000 0.568333 0.110000 0.110000
11 0.420000 0.511667 0.113333 0.110000
11 0.441667 0.210000 0.110000 0.113333
11 0.441667 0.316667 0.116667 0.106667
11 0.491667 0.425000 0.103333 0.110000
11 0.613333 0.513333 0.113333 0.113333
11 0.823333 0.615000 0.126667 0.123333
11 0.635000 0.401667 0.110000 0.116667
11 0.755000 0.411667 0.123333 0.116667
11 0.551667 0.326667 0.110000 0.113333
11 0.581667 0.218333 0.110000 0.116667
11 0.668333 0.290000 0.110000 0.113333
