11 0.073333 0.271667 0.140000 0.136667
11 0.266667 0.276667 0.160000 0.166667
11 0.491667 0.258333 0.176667 0.143333
11 0.711667 0.266667 0.170000 0.140000
11 0.915000 0.261667 0.170000 0.136667
11 0.136667 0.426667 0.160000 0.146667
11 0.370000 0.425000 0.166667 0.150000
11 0.588333 0.423333 0.163333 0.146667
11 0.801667 0.418333 0.170000 0.143333
11 0.196667 0.583333 0.166667 0.140000
11 0.400000 0.580000 0.173333 0.140000
11 0.598333 0.580000 0.163333 0.133333
11 0.793333 0.583333 0.160000 0.140000
11 0.088333 0.738333 0.170000 0.150000
11 0.300000 0.735000 0.166667 0.143333
11 0.516667 0.736667 0.166667 0.140000
11 0.726667 0.728333 0.160000 0.143333
