11 0.166667 0.185000 0.200000 0.176667
11 0.346667 0.188333 0.180000 0.176667
11 0.530000 0.181667 0.180000 0.176667
11 0.708333 0.166667 0.176667 0.180000
11 0.890000 0.220000 0.193333 0.193333
11 0.751667 0.336667 0.210000 0.220000
11 0.556667 0.348333 0.193333 0.190000
11 0.571667 0.621667 0.223333 0.223333
11 0.773333 0.708333 0.240000 0.230000
11 0.601667 0.873333 0.236667 0.233333
11 0.363333 0.868333 0.233333 0.236667
11 0.336667 0.638333 0.226667 0.216667
11 0.351667 0.366667 0.210000 0.213333
11 0.138333 0.373333 0.216667 0.213333
