11 0.140000 0.125000 0.173333 0.110000
11 0.140000 0.218333 0.166667 0.170000
11 0.355000 0.216667 0.170000 0.166667
11 0.358333 0.141667 0.163333 0.090000
11 0.605000 0.215000 0.170000 0.163333
11 0.623333 0.125000 0.160000 0.116667
11 0.801667 0.176667 0.156667 0.160000
11 0.800000 0.100000 0.160000 0.100000
11 0.116667 0.495000 0.173333 0.170000
11 0.311667 0.470000 0.176667 0.166667
11 0.490000 0.460000 0.166667 0.166667
11 0.666667 0.473333 0.173333 0.173333
11 0.845000 0.475000 0.176667 0.176667
11 0.118333 0.376667 0.176667 0.133333
11 0.291667 0.386667 0.163333 0.126667
11 0.490000 0.366667 0.166667 0.106667
11 0.666667 0.360000 0.173333 0.113333
11 0.841667 0.373333 0.170000 0.133333
11 0.095000 0.851667 0.183333 0.190000
11 0.283333 0.853333 0.193333 0.186667
11 0.491667 0.836667 0.196667 0.186667
11 0.691667 0.860000 0.196667 0.180000
11 0.880000 0.835000 0.193333 0.190000
11 0.101667 0.706667 0.196667 0.166667
11 0.288333 0.720000 0.190000 0.146667
11 0.488333 0.705000 0.196667 0.156667
11 0.676667 0.730000 0.186667 0.153333
11 0.878333 0.701667 0.190000 0.150000
