11 0.228333 0.496667 0.056667 0.080000
11 0.293333 0.523333 0.066667 0.086667
11 0.355000 0.503333 0.056667 0.080000
11 0.298333 0.713333 0.056667 0.080000
11 0.240000 0.796667 0.053333 0.066667
11 0.890000 0.583333 0.066667 0.086667
11 0.885000 0.778333 0.063333 0.070000
11 0.906667 0.865000 0.060000 0.070000
11 0.856667 0.828333 0.053333 0.070000
11 0.940000 0.783333 0.053333 0.066667
11 0.530000 0.795000 0.053333 0.070000
11 0.576667 0.855000 0.060000 0.083333
11 0.675000 0.663333 0.050000 0.080000
11 0.796667 0.883333 0.046667 0.066667
11 0.548333 0.598333 0.056667 0.056667
11 0.576667 0.650000 0.053333 0.066667
11 0.541667 0.711667 0.056667 0.070000
11 0.940000 0.638333 0.053333 0.063333
11 0.850000 0.893333 0.053333 0.066667
