11 0.425000 0.160000 0.203333 0.306667
11 0.086667 0.861667 0.166667 0.276667
11 0.295000 0.865000 0.203333 0.270000
11 0.363333 0.656667 0.213333 0.306667
11 0.581667 0.843333 0.203333 0.313333
11 0.733333 0.866667 0.173333 0.266667
11 0.910000 0.850000 0.180000 0.280000
11 0.685000 0.578333 0.216667 0.296667
11 0.895000 0.558333 0.203333 0.310000
11 0.816667 0.375000 0.206667 0.290000
11 0.456667 0.453333 0.200000 0.286667
11 0.238333 0.556667 0.190000 0.306667
11 0.073333 0.575000 0.140000 0.303333
11 0.085000 0.190000 0.163333 0.313333
11 0.266667 0.248333 0.206667 0.310000
11 0.610000 0.283333 0.193333 0.313333
11 0.870000 0.141667 0.206667 0.276667
11 0.961667 0.310000 0.076667 0.266667
11 0.783333 0.058333 0.200000 0.110000
11 0.173333 0.065000 0.193333 0.123333
11 0.470000 0.800000 0.146667 0.286667
