11 0.263333 0.293333 0.120000 0.120000
11 0.415000 0.291667 0.116667 0.123333
11 0.563333 0.285000 0.120000 0.123333
11 0.695000 0.291667 0.116667 0.123333
11 0.863333 0.293333 0.120000 0.120000
11 0.873333 0.431667 0.120000 0.123333
11 0.701667 0.445000 0.116667 0.123333
11 0.565000 0.445000 0.116667 0.123333
11 0.423333 0.445000 0.120000 0.123333
11 0.271667 0.451667 0.116667 0.123333
11 0.285000 0.595000 0.116667 0.123333
11 0.423333 0.593333 0.120000 0.120000
11 0.563333 0.605000 0.120000 0.123333
11 0.713333 0.595000 0.120000 0.123333
11 0.873333 0.593333 0.120000 0.120000
11 0.881667 0.745000 0.130000 0.130000
11 0.710000 0.758333 0.120000 0.130000
11 0.570000 0.756667 0.120000 0.126667
11 0.430000 0.756667 0.120000 0.126667
11 0.291667 0.745000 0.130000 0.130000
