11 0.398333 0.313333 0.050000 0.093333
11 0.331667 0.393333 0.056667 0.100000
11 0.235000 0.405000 0.056667 0.096667
11 0.153333 0.480000 0.060000 0.093333
11 0.133333 0.381667 0.060000 0.096667
11 0.248333 0.155000 0.056667 0.096667
11 0.133333 0.080000 0.053333 0.093333
11 0.096667 0.181667 0.053333 0.103333
11 0.131667 0.225000 0.050000 0.090000
11 0.026667 0.318333 0.046667 0.096667
11 0.260000 0.810000 0.053333 0.106667
11 0.135000 0.891667 0.050000 0.083333
11 0.361667 0.905000 0.063333 0.116667
11 0.306667 0.546667 0.060000 0.100000
11 0.148333 0.578333 0.063333 0.090000
11 0.056667 0.561667 0.060000 0.096667
11 0.301667 0.301667 0.056667 0.096667
11 0.176667 0.310000 0.060000 0.093333
11 0.233333 0.278333 0.060000 0.096667
11 0.335000 0.070000 0.056667 0.086667
11 0.380000 0.191667 0.053333 0.103333
11 0.191667 0.076667 0.056667 0.100000
11 0.068333 0.256667 0.056667 0.100000
11 0.278333 0.043333 0.050000 0.080000
11 0.066667 0.396667 0.053333 0.093333
11 0.093333 0.463333 0.060000 0.086667
11 0.025000 0.433333 0.043333 0.086667
11 0.028333 0.523333 0.050000 0.086667
11 0.151667 0.676667 0.056667 0.100000
11 0.375000 0.631667 0.043333 0.103333
11 0.193333 0.796667 0.060000 0.080000
11 0.375000 0.470000 0.050000 0.080000
11 0.273333 0.218333 0.053333 0.096667
11 0.295000 0.130000 0.056667 0.093333
11 0.155000 0.151667 0.063333 0.090000
11 0.328333 0.228333 0.056667 0.083333
11 0.211667 0.155000 0.050000 0.090000
11 0.116667 0.286667 0.053333 0.086667
11 0.188333 0.420000 0.050000 0.093333
11 0.363333 0.298333 0.053333 0.096667
