11 0.140000 0.350000 0.133333 0.146667
0 0.131667 0.705000 0.210000 0.590000
0 0.515000 0.643333 0.250000 0.713333
0 0.786667 0.790000 0.220000 0.420000
11 0.525000 0.231667 0.163333 0.163333
11 0.815000 0.525000 0.130000 0.196667
11 0.706667 0.213333 0.060000 0.093333
11 0.775000 0.130000 0.056667 0.080000
11 0.723333 0.055000 0.040000 0.076667
11 0.838333 0.060000 0.056667 0.086667
11 0.868333 0.165000 0.050000 0.090000
11 0.803333 0.241667 0.046667 0.083333
11 0.785000 0.381667 0.050000 0.090000
11 0.876667 0.320000 0.053333 0.100000
11 0.946667 0.231667 0.060000 0.090000
11 0.978333 0.410000 0.043333 0.100000
11 0.963333 0.578333 0.060000 0.110000
