11 0.430000 0.748333 0.073333 0.063333
11 0.350000 0.761667 0.073333 0.043333
11 0.243333 0.930000 0.080000 0.060000
11 0.058333 0.678333 0.050000 0.036667
11 0.101667 0.668333 0.050000 0.056667
11 0.170000 0.618333 0.033333 0.030000
11 0.315000 0.616667 0.056667 0.060000
11 0.550000 0.683333 0.033333 0.026667
11 0.585000 0.691667 0.043333 0.030000
11 0.443333 0.680000 0.040000 0.026667
11 0.670000 0.685000 0.040000 0.023333
11 0.688333 0.780000 0.050000 0.060000
11 0.896667 0.608333 0.026667 0.016667
11 0.840000 0.615000 0.026667 0.030000
11 0.208333 0.885000 0.063333 0.056667
11 0.980000 0.888333 0.033333 0.043333
11 0.960000 0.955000 0.040000 0.043333
11 0.728333 0.615000 0.043333 0.023333
11 0.626667 0.625000 0.033333 0.036667
