11 0.306667 0.821667 0.060000 0.103333
11 0.260000 0.838333 0.053333 0.103333
11 0.208333 0.838333 0.050000 0.103333
11 0.153333 0.841667 0.046667 0.103333
11 0.193333 0.728333 0.053333 0.103333
11 0.108333 0.828333 0.050000 0.103333
11 0.071667 0.781667 0.050000 0.123333
11 0.111667 0.726667 0.043333 0.100000
11 0.303333 0.625000 0.046667 0.083333
11 0.318333 0.741667 0.050000 0.096667
11 0.250000 0.680000 0.046667 0.086667
11 0.290000 0.681667 0.040000 0.076667
11 0.271667 0.750000 0.043333 0.073333
11 0.231667 0.760000 0.050000 0.093333
11 0.128333 0.641667 0.043333 0.083333
11 0.266667 0.576667 0.040000 0.066667
11 0.231667 0.570000 0.043333 0.073333
11 0.051667 0.665000 0.043333 0.076667
11 0.146667 0.556667 0.033333 0.060000
11 0.180000 0.566667 0.033333 0.060000
11 0.516667 0.376667 0.066667 0.126667
11 0.685000 0.545000 0.096667 0.116667
11 0.780000 0.556667 0.093333 0.113333
11 0.870000 0.545000 0.093333 0.116667
11 0.920000 0.496667 0.086667 0.100000
11 0.930000 0.435000 0.080000 0.083333
11 0.890000 0.388333 0.073333 0.083333
11 0.835000 0.348333 0.076667 0.076667
11 0.765000 0.338333 0.070000 0.070000
