11 0.131667 0.746667 0.130000 0.213333
11 0.248333 0.853333 0.130000 0.220000
11 0.390000 0.935000 0.126667 0.130000
11 0.505000 0.903333 0.116667 0.193333
11 0.613333 0.840000 0.120000 0.213333
11 0.398333 0.710000 0.116667 0.200000
11 0.511667 0.705000 0.110000 0.210000
11 0.616667 0.631667 0.113333 0.190000
11 0.533333 0.500000 0.106667 0.180000
11 0.721667 0.728333 0.123333 0.216667
11 0.843333 0.760000 0.133333 0.220000
11 0.918333 0.876667 0.130000 0.093333
11 0.971667 0.788333 0.056667 0.203333
11 0.921667 0.623333 0.130000 0.213333
11 0.808333 0.568333 0.123333 0.203333
11 0.638333 0.403333 0.116667 0.200000
11 0.366667 0.466667 0.113333 0.186667
11 0.050000 0.603333 0.093333 0.193333
11 0.071667 0.426667 0.123333 0.186667
11 0.281667 0.373333 0.110000 0.180000
11 0.466667 0.406667 0.093333 0.160000
11 0.365000 0.276667 0.083333 0.146667
11 0.181667 0.416667 0.096667 0.153333
11 0.033333 0.276667 0.060000 0.160000
11 0.105000 0.245000 0.096667 0.143333
11 0.093333 0.123333 0.086667 0.140000
11 0.173333 0.138333 0.100000 0.156667
11 0.308333 0.171667 0.103333 0.163333
11 0.281667 0.066667 0.090000 0.126667
11 0.201667 0.048333 0.083333 0.090000
11 0.391667 0.070000 0.116667 0.133333
11 0.461667 0.215000 0.090000 0.170000
11 0.550000 0.153333 0.086667 0.160000
11 0.533333 0.298333 0.093333 0.170000
11 0.626667 0.248333 0.100000 0.150000
11 0.636667 0.115000 0.093333 0.150000
11 0.723333 0.183333 0.100000 0.166667
11 0.713333 0.345000 0.106667 0.183333
11 0.691667 0.531667 0.116667 0.183333
11 0.875000 0.446667 0.123333 0.193333
11 0.958333 0.395000 0.083333 0.196667
11 0.811667 0.308333 0.116667 0.183333
11 0.905000 0.260000 0.116667 0.186667
11 0.910000 0.115000 0.113333 0.156667
11 0.801667 0.113333 0.123333 0.193333
11 0.685000 0.050000 0.090000 0.093333
11 0.581667 0.041667 0.090000 0.076667
