11 0.105000 0.678333 0.150000 0.316667
11 0.311667 0.548333 0.256667 0.336667
11 0.355000 0.746667 0.256667 0.200000
11 0.615000 0.723333 0.236667 0.246667
11 0.880000 0.496667 0.186667 0.320000
11 0.825000 0.621667 0.216667 0.296667
11 0.645000 0.460000 0.230000 0.300000
11 0.393333 0.296667 0.213333 0.213333
11 0.506667 0.498333 0.173333 0.290000
11 0.135000 0.415000 0.223333 0.263333
11 0.706667 0.345000 0.200000 0.243333
11 0.890000 0.246667 0.160000 0.180000
11 0.551667 0.285000 0.150000 0.176667
