11 0.221667 0.465000 0.130000 0.223333
11 0.115000 0.576667 0.130000 0.213333
11 0.091667 0.398333 0.123333 0.196667
11 0.201667 0.285000 0.116667 0.176667
11 0.290000 0.228333 0.100000 0.163333
11 0.373333 0.228333 0.100000 0.163333
11 0.166667 0.755000 0.140000 0.243333
11 0.306667 0.823333 0.140000 0.240000
11 0.330000 0.641667 0.140000 0.256667
11 0.490000 0.770000 0.133333 0.246667
11 0.663333 0.755000 0.146667 0.230000
11 0.646667 0.455000 0.140000 0.210000
11 0.563333 0.516667 0.086667 0.220000
11 0.301667 0.371667 0.110000 0.190000
11 0.413333 0.373333 0.113333 0.186667
11 0.455000 0.550000 0.123333 0.220000
11 0.471667 0.263333 0.090000 0.146667
11 0.578333 0.315000 0.096667 0.143333
11 0.518333 0.393333 0.103333 0.153333
11 0.411667 0.750000 0.083333 0.226667
11 0.241667 0.601667 0.110000 0.210000
