11 0.598333 0.836667 0.156667 0.180000
11 0.756667 0.763333 0.160000 0.173333
11 0.860000 0.655000 0.166667 0.163333
11 0.898333 0.526667 0.163333 0.160000
11 0.878333 0.393333 0.156667 0.146667
11 0.811667 0.280000 0.150000 0.153333
11 0.695000 0.193333 0.143333 0.153333
11 0.546667 0.153333 0.140000 0.153333
11 0.401667 0.160000 0.143333 0.153333
11 0.261667 0.208333 0.150000 0.156667
11 0.156667 0.305000 0.153333 0.156667
11 0.096667 0.423333 0.153333 0.146667
11 0.098333 0.568333 0.156667 0.156667
11 0.151667 0.696667 0.163333 0.166667
11 0.271667 0.790000 0.163333 0.180000
11 0.423333 0.838333 0.166667 0.176667
