11 0.603333 0.901667 0.226667 0.136667
11 0.118333 0.901667 0.230000 0.143333
11 0.585000 0.696667 0.170000 0.080000
11 0.211667 0.710000 0.156667 0.080000
11 0.338333 0.645000 0.156667 0.063333
11 0.785000 0.708333 0.190000 0.096667
11 0.136667 0.588333 0.140000 0.063333
11 0.576667 0.585000 0.146667 0.063333
11 0.888333 0.581667 0.156667 0.063333
11 0.735000 0.580000 0.150000 0.060000
11 0.425000 0.583333 0.136667 0.053333
11 0.503333 0.638333 0.146667 0.070000
11 0.278333 0.588333 0.143333 0.063333
11 0.670000 0.633333 0.153333 0.066667
11 0.578333 0.503333 0.116667 0.046667
11 0.511667 0.541667 0.123333 0.050000
11 0.043333 0.643333 0.080000 0.060000
11 0.785000 0.533333 0.123333 0.040000
11 0.701667 0.496667 0.116667 0.040000
