11 0.461667 0.413333 0.090000 0.086667
11 0.560000 0.415000 0.080000 0.076667
11 0.653333 0.405000 0.080000 0.083333
11 0.730000 0.390000 0.080000 0.066667
11 0.801667 0.370000 0.076667 0.066667
11 0.863333 0.343333 0.080000 0.073333
11 0.906667 0.318333 0.073333 0.063333
11 0.940000 0.286667 0.073333 0.053333
11 0.958333 0.251667 0.063333 0.050000
11 0.371667 0.401667 0.090000 0.076667
11 0.293333 0.385000 0.086667 0.070000
11 0.225000 0.366667 0.076667 0.073333
11 0.170000 0.345000 0.080000 0.063333
11 0.135000 0.318333 0.083333 0.070000
11 0.110000 0.276667 0.073333 0.060000
11 0.105000 0.238333 0.076667 0.050000
11 0.130000 0.221667 0.080000 0.050000
11 0.151667 0.190000 0.070000 0.046667
11 0.180000 0.170000 0.060000 0.046667
11 0.225000 0.153333 0.056667 0.046667
11 0.271667 0.136667 0.056667 0.046667
11 0.323333 0.123333 0.060000 0.046667
11 0.375000 0.113333 0.056667 0.046667
11 0.426667 0.100000 0.053333 0.046667
11 0.478333 0.095000 0.050000 0.043333
11 0.530000 0.095000 0.053333 0.036667
11 0.586667 0.093333 0.053333 0.040000
11 0.641667 0.096667 0.043333 0.040000
11 0.696667 0.101667 0.046667 0.036667
11 0.750000 0.108333 0.053333 0.043333
11 0.796667 0.118333 0.060000 0.050000
11 0.850000 0.130000 0.060000 0.046667
11 0.888333 0.143333 0.063333 0.046667
11 0.911667 0.165000 0.070000 0.043333
11 0.936667 0.191667 0.066667 0.043333
11 0.953333 0.218333 0.066667 0.043333
