11 0.133333 0.796667 0.100000 0.093333
11 0.396667 0.820000 0.086667 0.093333
11 0.626667 0.845000 0.093333 0.070000
11 0.685000 0.808333 0.076667 0.090000
11 0.583333 0.775000 0.080000 0.090000
11 0.761667 0.805000 0.083333 0.096667
11 0.813333 0.756667 0.086667 0.086667
11 0.896667 0.795000 0.100000 0.096667
11 0.455000 0.758333 0.083333 0.083333
11 0.528333 0.731667 0.083333 0.090000
11 0.276667 0.710000 0.093333 0.093333
11 0.085000 0.713333 0.096667 0.080000
11 0.161667 0.678333 0.090000 0.076667
11 0.175000 0.623333 0.083333 0.073333
11 0.051667 0.611667 0.083333 0.083333
11 0.891667 0.726667 0.090000 0.073333
11 0.958333 0.630000 0.076667 0.073333
11 0.538333 0.648333 0.076667 0.076667
11 0.206667 0.735000 0.060000 0.090000
