11 0.663333 0.088333 0.073333 0.130000
11 0.736667 0.093333 0.073333 0.126667
11 0.820000 0.458333 0.066667 0.136667
11 0.816667 0.588333 0.066667 0.130000
11 0.811667 0.713333 0.070000 0.126667
11 0.568333 0.708333 0.070000 0.123333
11 0.558333 0.580000 0.070000 0.120000
11 0.561667 0.453333 0.070000 0.133333
11 0.148333 0.098333 0.056667 0.136667
11 0.193333 0.100000 0.046667 0.113333
11 0.131667 0.223333 0.043333 0.133333
11 0.296667 0.316667 0.053333 0.100000
11 0.346667 0.331667 0.060000 0.103333
11 0.365000 0.428333 0.056667 0.096667
11 0.330000 0.496667 0.053333 0.086667
11 0.311667 0.406667 0.050000 0.093333
11 0.910000 0.421667 0.060000 0.143333
11 0.910000 0.568333 0.060000 0.150000
11 0.113333 0.431667 0.073333 0.156667
11 0.180000 0.471667 0.086667 0.170000
11 0.211667 0.620000 0.083333 0.166667
11 0.085000 0.520000 0.063333 0.133333
11 0.148333 0.566667 0.076667 0.140000
11 0.095000 0.716667 0.056667 0.120000
11 0.146667 0.775000 0.066667 0.123333
11 0.213333 0.825000 0.080000 0.136667
11 0.261667 0.731667 0.063333 0.096667
11 0.293333 0.680000 0.066667 0.080000
11 0.320000 0.636667 0.060000 0.066667
11 0.351667 0.578333 0.056667 0.090000
11 0.575000 0.820000 0.083333 0.106667
11 0.656667 0.825000 0.080000 0.110000
11 0.735000 0.828333 0.076667 0.110000
11 0.816667 0.826667 0.080000 0.106667
11 0.488333 0.401667 0.050000 0.150000
11 0.481667 0.556667 0.056667 0.160000
11 0.500000 0.800000 0.046667 0.153333
11 0.886667 0.800000 0.046667 0.146667
11 0.528333 0.896667 0.083333 0.060000
11 0.611667 0.898333 0.083333 0.076667
11 0.698333 0.898333 0.083333 0.070000
11 0.778333 0.900000 0.076667 0.073333
11 0.861667 0.896667 0.070000 0.060000
