11 0.161667 0.568333 0.136667 0.290000
11 0.301667 0.436667 0.176667 0.346667
11 0.256667 0.821667 0.186667 0.356667
11 0.516667 0.811667 0.193333 0.376667
11 0.753333 0.826667 0.153333 0.306667
11 0.933333 0.746667 0.133333 0.273333
11 0.880000 0.303333 0.193333 0.380000
11 0.738333 0.433333 0.136667 0.280000
11 0.545000 0.488333 0.143333 0.243333
11 0.418333 0.651667 0.130000 0.276667
11 0.408333 0.110000 0.176667 0.213333
11 0.493333 0.275000 0.140000 0.263333
11 0.613333 0.113333 0.146667 0.220000
11 0.858333 0.073333 0.183333 0.140000
11 0.685000 0.690000 0.130000 0.260000
11 0.850000 0.631667 0.146667 0.290000
