11 0.825000 0.560000 0.123333 0.113333
11 0.670000 0.461667 0.100000 0.076667
11 0.541667 0.441667 0.096667 0.076667
11 0.676667 0.375000 0.086667 0.063333
11 0.805000 0.401667 0.096667 0.070000
11 0.950000 0.485000 0.100000 0.090000
11 0.916667 0.333333 0.093333 0.060000
11 0.918333 0.283333 0.076667 0.060000
11 0.796667 0.328333 0.080000 0.070000
11 0.411667 0.308333 0.090000 0.076667
11 0.545000 0.261667 0.090000 0.070000
11 0.660000 0.215000 0.080000 0.070000
11 0.775000 0.175000 0.076667 0.063333
11 0.868333 0.130000 0.076667 0.060000
11 0.980000 0.100000 0.040000 0.053333
11 0.226667 0.320000 0.086667 0.066667
11 0.338333 0.236667 0.076667 0.066667
11 0.461667 0.191667 0.076667 0.063333
11 0.570000 0.151667 0.066667 0.056667
11 0.688333 0.123333 0.070000 0.060000
11 0.770000 0.080000 0.073333 0.060000
11 0.878333 0.051667 0.070000 0.056667
11 0.145000 0.093333 0.076667 0.053333
11 0.218333 0.050000 0.070000 0.053333
11 0.353333 0.048333 0.073333 0.056667
11 0.080000 0.048333 0.080000 0.063333
