11 0.098333 0.785000 0.123333 0.136667
11 0.278333 0.731667 0.103333 0.136667
11 0.220000 0.758333 0.126667 0.143333
11 0.108333 0.593333 0.136667 0.146667
11 0.268333 0.603333 0.136667 0.126667
11 0.343333 0.530000 0.153333 0.146667
11 0.196667 0.440000 0.140000 0.133333
11 0.076667 0.433333 0.133333 0.126667
11 0.078333 0.320000 0.150000 0.106667
11 0.226667 0.308333 0.106667 0.143333
11 0.381667 0.326667 0.143333 0.140000
11 0.468333 0.430000 0.136667 0.126667
11 0.513333 0.656667 0.133333 0.133333
11 0.385000 0.683333 0.123333 0.133333
11 0.463333 0.801667 0.140000 0.116667
11 0.706667 0.751667 0.120000 0.150000
11 0.808333 0.738333 0.143333 0.136667
11 0.908333 0.660000 0.143333 0.133333
11 0.955000 0.565000 0.090000 0.143333
11 0.841667 0.545000 0.136667 0.130000
11 0.905000 0.480000 0.136667 0.120000
11 0.871667 0.348333 0.143333 0.143333
11 0.768333 0.241667 0.176667 0.183333
11 0.930000 0.198333 0.133333 0.103333
11 0.963333 0.353333 0.073333 0.133333
11 0.591667 0.508333 0.130000 0.130000
11 0.683333 0.601667 0.113333 0.116667
11 0.525000 0.538333 0.103333 0.103333
11 0.628333 0.441667 0.143333 0.123333
11 0.565000 0.325000 0.143333 0.150000
11 0.630000 0.208333 0.133333 0.130000
11 0.360000 0.198333 0.146667 0.116667
11 0.226667 0.193333 0.126667 0.093333
11 0.098333 0.245000 0.136667 0.110000
11 0.103333 0.170000 0.140000 0.060000
11 0.490000 0.228333 0.120000 0.083333
11 0.060000 0.708333 0.113333 0.096667
11 0.396667 0.541667 0.113333 0.143333
11 0.300000 0.805000 0.126667 0.096667
11 0.586667 0.781667 0.160000 0.143333
11 0.898333 0.791667 0.123333 0.123333
11 0.683333 0.596667 0.173333 0.180000
11 0.770000 0.450000 0.140000 0.146667
11 0.711667 0.326667 0.143333 0.140000
11 0.961667 0.790000 0.076667 0.126667
