11 0.068333 0.750000 0.130000 0.286667
11 0.103333 0.890000 0.166667 0.220000
11 0.181667 0.695000 0.136667 0.236667
11 0.700000 0.901667 0.140000 0.196667
11 0.445000 0.548333 0.156667 0.256667
11 0.743333 0.416667 0.166667 0.240000
11 0.778333 0.725000 0.176667 0.256667
11 0.383333 0.910000 0.153333 0.180000
11 0.450000 0.718333 0.153333 0.210000
11 0.588333 0.221667 0.143333 0.223333
11 0.788333 0.153333 0.163333 0.266667
11 0.885000 0.590000 0.136667 0.260000
11 0.966667 0.666667 0.066667 0.253333
11 0.241667 0.628333 0.143333 0.230000
11 0.368333 0.123333 0.163333 0.240000
11 0.105000 0.231667 0.150000 0.230000
11 0.206667 0.081667 0.146667 0.156667
11 0.253333 0.395000 0.153333 0.163333
11 0.601667 0.565000 0.156667 0.210000
11 0.730000 0.850000 0.146667 0.200000
11 0.611667 0.896667 0.110000 0.206667
11 0.538333 0.898333 0.110000 0.203333
11 0.628333 0.643333 0.136667 0.206667
