11 0.831667 0.926667 0.070000 0.120000
11 0.793333 0.830000 0.073333 0.120000
11 0.753333 0.733333 0.073333 0.120000
11 0.215000 0.940000 0.076667 0.120000
11 0.173333 0.828333 0.080000 0.123333
11 0.256667 0.820000 0.066667 0.120000
11 0.076667 0.060000 0.073333 0.113333
11 0.146667 0.070000 0.066667 0.113333
11 0.215000 0.071667 0.070000 0.110000
11 0.283333 0.075000 0.066667 0.110000
11 0.353333 0.090000 0.066667 0.120000
11 0.426667 0.090000 0.066667 0.113333
11 0.493333 0.085000 0.066667 0.110000
11 0.563333 0.085000 0.066667 0.116667
11 0.630000 0.086667 0.066667 0.113333
11 0.693333 0.070000 0.066667 0.113333
11 0.755000 0.045000 0.063333 0.083333
11 0.815000 0.050000 0.063333 0.093333
11 0.883333 0.073333 0.066667 0.113333
11 0.880000 0.186667 0.066667 0.113333
11 0.883333 0.303333 0.066667 0.113333
11 0.823333 0.266667 0.066667 0.113333
11 0.816667 0.153333 0.066667 0.113333
11 0.753333 0.153333 0.066667 0.113333
11 0.690000 0.183333 0.066667 0.113333
11 0.756667 0.273333 0.066667 0.113333
11 0.823333 0.376667 0.066667 0.113333
11 0.623333 0.203333 0.066667 0.113333
11 0.556667 0.200000 0.066667 0.113333
11 0.496667 0.196667 0.066667 0.113333
11 0.426667 0.200000 0.066667 0.113333
11 0.356667 0.203333 0.066667 0.113333
11 0.283333 0.186667 0.066667 0.113333
11 0.216667 0.183333 0.066667 0.113333
11 0.143333 0.186667 0.066667 0.113333
11 0.073333 0.176667 0.066667 0.113333
11 0.021667 0.050000 0.036667 0.093333
11 0.021667 0.153333 0.036667 0.113333
11 0.066667 0.293333 0.066667 0.113333
11 0.070000 0.413333 0.066667 0.113333
11 0.063333 0.556667 0.066667 0.113333
11 0.018333 0.280000 0.030000 0.113333
11 0.020000 0.411667 0.033333 0.116667
11 0.016667 0.548333 0.026667 0.116667
11 0.143333 0.306667 0.066667 0.113333
11 0.210000 0.303333 0.066667 0.113333
11 0.276667 0.306667 0.066667 0.113333
11 0.356667 0.316667 0.066667 0.113333
11 0.420000 0.320000 0.066667 0.113333
11 0.490000 0.310000 0.066667 0.113333
11 0.556667 0.313333 0.066667 0.113333
11 0.630000 0.316667 0.066667 0.113333
11 0.693333 0.303333 0.066667 0.113333
11 0.753333 0.393333 0.066667 0.113333
11 0.686667 0.416667 0.066667 0.113333
11 0.620000 0.430000 0.066667 0.113333
11 0.556667 0.426667 0.066667 0.113333
11 0.486667 0.430000 0.066667 0.113333
11 0.413333 0.433333 0.066667 0.113333
11 0.350000 0.433333 0.066667 0.113333
11 0.276667 0.423333 0.066667 0.113333
11 0.206667 0.423333 0.066667 0.113333
11 0.136667 0.420000 0.066667 0.113333
11 0.133333 0.573333 0.066667 0.113333
11 0.210000 0.555000 0.073333 0.116667
11 0.278333 0.565000 0.070000 0.116667
11 0.348333 0.548333 0.070000 0.116667
11 0.423333 0.553333 0.060000 0.113333
11 0.491667 0.543333 0.063333 0.113333
11 0.555000 0.543333 0.070000 0.113333
11 0.628333 0.543333 0.070000 0.113333
11 0.693333 0.553333 0.066667 0.113333
11 0.763333 0.503333 0.066667 0.113333
11 0.753333 0.616667 0.066667 0.113333
11 0.690000 0.680000 0.066667 0.113333
11 0.623333 0.656667 0.066667 0.113333
11 0.560000 0.660000 0.066667 0.113333
11 0.486667 0.696667 0.066667 0.113333
11 0.420000 0.696667 0.066667 0.113333
11 0.353333 0.703333 0.066667 0.113333
11 0.276667 0.700000 0.066667 0.113333
11 0.206667 0.693333 0.066667 0.113333
11 0.136667 0.693333 0.066667 0.113333
11 0.061667 0.685000 0.070000 0.123333
