11 0.913333 0.670000 0.133333 0.280000
11 0.780000 0.533333 0.140000 0.220000
11 0.611667 0.630000 0.123333 0.266667
11 0.545000 0.915000 0.163333 0.170000
11 0.186667 0.865000 0.160000 0.270000
11 0.105000 0.558333 0.130000 0.110000
11 0.035000 0.495000 0.063333 0.176667
11 0.046667 0.346667 0.086667 0.146667
11 0.693333 0.235000 0.120000 0.176667
11 0.633333 0.411667 0.113333 0.190000
11 0.566667 0.515000 0.100000 0.196667
11 0.706667 0.465000 0.106667 0.223333
11 0.348333 0.581667 0.123333 0.223333
11 0.306667 0.440000 0.126667 0.253333
11 0.430000 0.461667 0.106667 0.210000
11 0.381667 0.161667 0.110000 0.116667
11 0.498333 0.211667 0.123333 0.143333
11 0.605000 0.291667 0.090000 0.150000
11 0.223333 0.458333 0.106667 0.216667
11 0.276667 0.668333 0.126667 0.176667
11 0.490000 0.735000 0.146667 0.163333
11 0.365000 0.953333 0.156667 0.093333
11 0.121667 0.766667 0.130000 0.200000
