11 0.300000 0.858333 0.166667 0.250000
11 0.228333 0.678333 0.156667 0.230000
11 0.383333 0.668333 0.160000 0.236667
11 0.143333 0.525000 0.160000 0.230000
11 0.295000 0.526667 0.143333 0.226667
11 0.440000 0.515000 0.153333 0.223333
11 0.070000 0.371667 0.133333 0.216667
11 0.213333 0.370000 0.146667 0.220000
11 0.361667 0.355000 0.150000 0.203333
11 0.505000 0.350000 0.136667 0.213333
11 0.135000 0.226667 0.143333 0.213333
11 0.275000 0.220000 0.143333 0.213333
11 0.421667 0.203333 0.136667 0.186667
11 0.203333 0.110000 0.140000 0.146667
11 0.343333 0.101667 0.133333 0.163333
