11 0.305000 0.180000 0.070000 0.153333
11 0.351667 0.228333 0.056667 0.130000
11 0.393333 0.245000 0.046667 0.130000
11 0.433333 0.276667 0.046667 0.126667
11 0.460000 0.308333 0.060000 0.116667
11 0.161667 0.273333 0.063333 0.166667
11 0.218333 0.305000 0.070000 0.150000
11 0.263333 0.333333 0.060000 0.140000
11 0.311667 0.375000 0.050000 0.130000
11 0.361667 0.386667 0.036667 0.113333
11 0.396667 0.410000 0.053333 0.126667
11 0.650000 0.423333 0.033333 0.100000
11 0.620000 0.413333 0.033333 0.106667
11 0.591667 0.400000 0.043333 0.100000
11 0.568333 0.380000 0.043333 0.113333
11 0.530000 0.358333 0.040000 0.110000
11 0.501667 0.325000 0.036667 0.096667
11 0.643333 0.560000 0.040000 0.113333
11 0.621667 0.536667 0.036667 0.106667
11 0.593333 0.531667 0.033333 0.110000
11 0.570000 0.515000 0.026667 0.110000
11 0.535000 0.496667 0.043333 0.120000
11 0.506667 0.485000 0.040000 0.123333
11 0.475000 0.448333 0.050000 0.130000
11 0.435000 0.435000 0.056667 0.136667
11 0.566667 0.651667 0.046667 0.110000
11 0.535000 0.638333 0.036667 0.116667
11 0.500000 0.621667 0.046667 0.130000
11 0.466667 0.611667 0.053333 0.123333
11 0.436667 0.581667 0.053333 0.130000
11 0.400000 0.575000 0.046667 0.123333
11 0.363333 0.550000 0.060000 0.133333
11 0.325000 0.538333 0.050000 0.150000
11 0.273333 0.538333 0.060000 0.156667
11 0.230000 0.501667 0.066667 0.163333
11 0.175000 0.475000 0.063333 0.156667
11 0.113333 0.448333 0.066667 0.170000
11 0.046667 0.430000 0.073333 0.186667
11 0.083333 0.626667 0.073333 0.160000
11 0.140000 0.651667 0.080000 0.163333
11 0.193333 0.671667 0.066667 0.143333
11 0.245000 0.688333 0.063333 0.130000
11 0.291667 0.693333 0.063333 0.146667
11 0.331667 0.710000 0.056667 0.133333
11 0.370000 0.720000 0.053333 0.140000
11 0.410000 0.715000 0.053333 0.116667
11 0.441667 0.740000 0.050000 0.113333
11 0.476667 0.746667 0.053333 0.113333
