11 0.538333 0.775000 0.110000 0.116667
11 0.460000 0.718333 0.106667 0.116667
11 0.261667 0.731667 0.110000 0.130000
11 0.165000 0.683333 0.103333 0.120000
11 0.106667 0.628333 0.093333 0.110000
11 0.200000 0.595000 0.086667 0.103333
11 0.275000 0.656667 0.103333 0.100000
11 0.378333 0.635000 0.116667 0.110000
11 0.358333 0.706667 0.103333 0.106667
11 0.608333 0.686667 0.103333 0.113333
11 0.733333 0.670000 0.106667 0.113333
11 0.836667 0.660000 0.100000 0.113333
11 0.930000 0.611667 0.100000 0.116667
11 0.845000 0.576667 0.096667 0.093333
11 0.748333 0.583333 0.096667 0.093333
11 0.665000 0.625000 0.103333 0.110000
11 0.566667 0.630000 0.100000 0.106667
11 0.473333 0.638333 0.093333 0.090000
11 0.483333 0.571667 0.093333 0.083333
11 0.593333 0.541667 0.106667 0.103333
11 0.385000 0.525000 0.096667 0.103333
11 0.295000 0.588333 0.096667 0.076667
11 0.273333 0.530000 0.093333 0.073333
11 0.140000 0.545000 0.086667 0.090000
11 0.108333 0.471667 0.090000 0.090000
11 0.065000 0.408333 0.090000 0.083333
11 0.053333 0.346667 0.100000 0.093333
11 0.198333 0.425000 0.090000 0.090000
11 0.278333 0.450000 0.090000 0.086667
11 0.498333 0.505000 0.130000 0.083333
11 0.671667 0.510000 0.096667 0.106667
11 0.898333 0.516667 0.090000 0.066667
11 0.790000 0.506667 0.120000 0.100000
11 0.891667 0.456667 0.103333 0.080000
11 0.956667 0.451667 0.086667 0.096667
11 0.795000 0.418333 0.123333 0.103333
11 0.685000 0.348333 0.110000 0.110000
11 0.931667 0.380000 0.110000 0.080000
11 0.868333 0.323333 0.083333 0.093333
11 0.813333 0.296667 0.073333 0.093333
11 0.730000 0.260000 0.113333 0.080000
11 0.740000 0.321667 0.080000 0.070000
11 0.380000 0.323333 0.106667 0.100000
11 0.541667 0.326667 0.090000 0.086667
11 0.566667 0.295000 0.106667 0.070000
11 0.378333 0.266667 0.103333 0.053333
11 0.210000 0.298333 0.093333 0.063333
11 0.295000 0.313333 0.076667 0.053333
11 0.131667 0.358333 0.096667 0.063333
11 0.336667 0.400000 0.093333 0.080000
11 0.483333 0.420000 0.093333 0.086667
11 0.608333 0.466667 0.063333 0.060000
11 0.216667 0.496667 0.126667 0.093333
11 0.141667 0.403333 0.076667 0.053333
11 0.166667 0.300000 0.066667 0.066667
11 0.783333 0.361667 0.086667 0.036667
11 0.636667 0.428333 0.093333 0.050000
11 0.576667 0.393333 0.086667 0.060000
11 0.711667 0.431667 0.083333 0.096667
