11 0.790000 0.815000 0.320000 0.323333
11 0.505000 0.808333 0.323333 0.330000
11 0.261667 0.805000 0.290000 0.336667
11 0.211667 0.531667 0.270000 0.270000
11 0.405000 0.528333 0.196667 0.276667
11 0.570000 0.533333 0.266667 0.313333
11 0.773333 0.546667 0.260000 0.300000
11 0.930000 0.648333 0.140000 0.330000
11 0.853333 0.331667 0.226667 0.256667
11 0.671667 0.305000 0.216667 0.230000
11 0.490000 0.286667 0.220000 0.213333
11 0.336667 0.293333 0.226667 0.226667
11 0.181667 0.298333 0.210000 0.216667
11 0.908333 0.173333 0.176667 0.226667
11 0.736667 0.133333 0.193333 0.193333
11 0.561667 0.135000 0.203333 0.176667
11 0.381667 0.123333 0.196667 0.166667
