11 0.058333 0.056667 0.076667 0.106667
11 0.133333 0.053333 0.073333 0.100000
11 0.210000 0.051667 0.073333 0.096667
11 0.285000 0.048333 0.070000 0.090000
11 0.356667 0.046667 0.073333 0.086667
11 0.430000 0.046667 0.066667 0.086667
11 0.563333 0.050000 0.066667 0.093333
11 0.635000 0.050000 0.070000 0.093333
11 0.706667 0.056667 0.066667 0.106667
11 0.776667 0.058333 0.066667 0.110000
11 0.943333 0.048333 0.060000 0.090000
11 0.146667 0.268333 0.080000 0.136667
11 0.236667 0.265000 0.073333 0.136667
11 0.320000 0.256667 0.080000 0.133333
11 0.405000 0.258333 0.070000 0.130000
11 0.488333 0.251667 0.070000 0.130000
11 0.573333 0.256667 0.080000 0.133333
11 0.658333 0.256667 0.070000 0.126667
11 0.580000 0.395000 0.073333 0.123333
11 0.660000 0.396667 0.073333 0.126667
11 0.853333 0.300000 0.073333 0.126667
11 0.926667 0.291667 0.073333 0.130000
11 0.143333 0.410000 0.073333 0.126667
11 0.486667 0.385000 0.080000 0.130000
11 0.856667 0.443333 0.073333 0.126667
11 0.935000 0.431667 0.070000 0.130000
11 0.856667 0.586667 0.073333 0.120000
11 0.938333 0.586667 0.070000 0.120000
11 0.863333 0.723333 0.066667 0.126667
11 0.936667 0.730000 0.066667 0.126667
11 0.863333 0.866667 0.073333 0.126667
11 0.946667 0.870000 0.073333 0.126667
11 0.141667 0.546667 0.076667 0.133333
11 0.230000 0.545000 0.073333 0.130000
11 0.313333 0.545000 0.073333 0.130000
11 0.403333 0.538333 0.073333 0.130000
11 0.495000 0.526667 0.076667 0.126667
11 0.578333 0.531667 0.070000 0.123333
11 0.665000 0.531667 0.070000 0.130000
11 0.148333 0.701667 0.083333 0.130000
11 0.235000 0.701667 0.076667 0.136667
11 0.321667 0.690000 0.076667 0.126667
11 0.415000 0.683333 0.083333 0.126667
11 0.495000 0.675000 0.076667 0.123333
11 0.581667 0.673333 0.070000 0.126667
11 0.666667 0.678333 0.066667 0.123333
11 0.153333 0.866667 0.080000 0.133333
11 0.238333 0.853333 0.076667 0.133333
11 0.325000 0.855000 0.076667 0.130000
11 0.421667 0.841667 0.070000 0.130000
11 0.505000 0.828333 0.070000 0.130000
11 0.591667 0.825000 0.076667 0.130000
11 0.670000 0.815000 0.066667 0.123333
11 0.680000 0.956667 0.073333 0.086667
11 0.593333 0.955000 0.073333 0.090000
11 0.506667 0.960000 0.073333 0.080000
11 0.421667 0.968333 0.070000 0.063333
11 0.335000 0.970000 0.083333 0.060000
11 0.245000 0.973333 0.070000 0.053333
11 0.153333 0.976667 0.073333 0.046667
